0 	 inf
1 	 0.18962
2 	 0.13740
3 	 0.11927
4 	 0.11000
5 	 0.10423
6 	 0.10018
7 	 0.09733
8 	 0.09522
9 	 0.09342
10 	 0.09195
11 	 0.09075
12 	 0.08977
13 	 0.08901
14 	 0.08828
15 	 0.08761
16 	 0.08708
17 	 0.08653
18 	 0.08605
19 	 0.08568
20 	 0.08529
21 	 0.08496
22 	 0.08461
23 	 0.08430
24 	 0.08408
25 	 0.08378
26 	 0.08357
27 	 0.08336
28 	 0.08317
29 	 0.08301
30 	 0.08285
31 	 0.08270
32 	 0.08254
33 	 0.08237
34 	 0.08223
35 	 0.08210
36 	 0.08199
37 	 0.08187
38 	 0.08181
39 	 0.08171
40 	 0.08164
41 	 0.08154
42 	 0.08147
43 	 0.08139
44 	 0.08127
45 	 0.08120
46 	 0.08113
47 	 0.08107
48 	 0.08096
49 	 0.08087
50 	 0.08082
51 	 0.08076
52 	 0.08070
53 	 0.08066
54 	 0.08062
55 	 0.08060
56 	 0.08054
57 	 0.08051
58 	 0.08048
59 	 0.08041
60 	 0.08038
61 	 0.08034
62 	 0.08031
63 	 0.08026
64 	 0.08020
65 	 0.08016
66 	 0.08010
67 	 0.08009
68 	 0.08006
69 	 0.08002
70 	 0.08000
71 	 0.07996
72 	 0.07996
73 	 0.07994
74 	 0.07990
75 	 0.07988
76 	 0.07986
77 	 0.07987
78 	 0.07985
79 	 0.07980
80 	 0.07977
81 	 0.07974
82 	 0.07972
83 	 0.07969
84 	 0.07964
85 	 0.07960
86 	 0.07957
87 	 0.07955
88 	 0.07950
89 	 0.07948
90 	 0.07946
91 	 0.07945
92 	 0.07944
93 	 0.07944
94 	 0.07941
95 	 0.07938
96 	 0.07936
97 	 0.07935
98 	 0.07932
99 	 0.07931
100 	 0.07929
101 	 0.07927
102 	 0.07926
103 	 0.07923
104 	 0.07923
105 	 0.07921
106 	 0.07920
107 	 0.07922
108 	 0.07920
109 	 0.07920
110 	 0.07918
111 	 0.07915
112 	 0.07916
113 	 0.07917
114 	 0.07914
115 	 0.07913
116 	 0.07911
117 	 0.07908
118 	 0.07907
119 	 0.07905
120 	 0.07903
121 	 0.07902
122 	 0.07900
123 	 0.07898
124 	 0.07897
125 	 0.07894
126 	 0.07894
127 	 0.07894
128 	 0.07892
129 	 0.07893
130 	 0.07891
131 	 0.07888
132 	 0.07886
133 	 0.07886
134 	 0.07885
135 	 0.07883
136 	 0.07881
137 	 0.07879
138 	 0.07879
139 	 0.07877
140 	 0.07876
141 	 0.07875
142 	 0.07875
143 	 0.07873
144 	 0.07871
145 	 0.07869
146 	 0.07866
147 	 0.07865
148 	 0.07865
149 	 0.07863
150 	 0.07861
151 	 0.07861
152 	 0.07858
153 	 0.07856
154 	 0.07856
155 	 0.07854
156 	 0.07852
157 	 0.07850
158 	 0.07850
159 	 0.07849
160 	 0.07848
161 	 0.07848
162 	 0.07847
163 	 0.07848
164 	 0.07847
165 	 0.07848
166 	 0.07848
167 	 0.07847
168 	 0.07847
169 	 0.07846
170 	 0.07844
171 	 0.07845
172 	 0.07843
173 	 0.07843
174 	 0.07840
175 	 0.07839
176 	 0.07838
177 	 0.07838
178 	 0.07838
179 	 0.07837
180 	 0.07835
181 	 0.07834
182 	 0.07833
183 	 0.07831
184 	 0.07830
185 	 0.07830
186 	 0.07829
187 	 0.07827
188 	 0.07827
189 	 0.07828
190 	 0.07827
191 	 0.07827
192 	 0.07824
193 	 0.07825
194 	 0.07824
195 	 0.07823
196 	 0.07822
197 	 0.07820
198 	 0.07821
199 	 0.07821
200 	 0.07820
201 	 0.07821
202 	 0.07821
203 	 0.07821
204 	 0.07820
205 	 0.07821
206 	 0.07818
207 	 0.07817
208 	 0.07818
209 	 0.07819
210 	 0.07817
211 	 0.07817
212 	 0.07815
213 	 0.07813
214 	 0.07813
215 	 0.07810
216 	 0.07808
217 	 0.07809
218 	 0.07807
219 	 0.07806
220 	 0.07804
221 	 0.07803
222 	 0.07802
223 	 0.07801
224 	 0.07801
225 	 0.07801
226 	 0.07801
227 	 0.07799
228 	 0.07798
229 	 0.07798
230 	 0.07797
231 	 0.07798
232 	 0.07797
233 	 0.07796
234 	 0.07796
235 	 0.07795
236 	 0.07796
237 	 0.07797
238 	 0.07794
239 	 0.07793
240 	 0.07793
241 	 0.07794
242 	 0.07794
243 	 0.07794
244 	 0.07794
245 	 0.07793
246 	 0.07794
247 	 0.07794
248 	 0.07794
249 	 0.07793
250 	 0.07793
251 	 0.07792
252 	 0.07791
253 	 0.07791
254 	 0.07791
255 	 0.07792
256 	 0.07792
257 	 0.07792
258 	 0.07790
259 	 0.07790
260 	 0.07788
261 	 0.07787
262 	 0.07788
263 	 0.07787
264 	 0.07785
265 	 0.07786
266 	 0.07785
267 	 0.07784
268 	 0.07783
269 	 0.07782
270 	 0.07780
271 	 0.07779
272 	 0.07780
273 	 0.07779
274 	 0.07780
275 	 0.07781
276 	 0.07781
277 	 0.07782
278 	 0.07782
279 	 0.07781
280 	 0.07780
281 	 0.07780
282 	 0.07780
283 	 0.07782
284 	 0.07782
285 	 0.07781
286 	 0.07780
287 	 0.07780
288 	 0.07779
289 	 0.07779
290 	 0.07779
291 	 0.07777
292 	 0.07777
293 	 0.07777
294 	 0.07778
295 	 0.07778
296 	 0.07778
297 	 0.07777
298 	 0.07775
299 	 0.07775
300 	 0.07777
301 	 0.07775
302 	 0.07775
303 	 0.07774
304 	 0.07773
305 	 0.07772
306 	 0.07772
307 	 0.07772
308 	 0.07771
309 	 0.07770
310 	 0.07770
311 	 0.07771
312 	 0.07771
313 	 0.07770
314 	 0.07771
315 	 0.07770
316 	 0.07770
317 	 0.07771
318 	 0.07771
319 	 0.07771
320 	 0.07772
321 	 0.07771
322 	 0.07771
323 	 0.07770
324 	 0.07771
325 	 0.07772
326 	 0.07771
327 	 0.07771
328 	 0.07770
329 	 0.07771
330 	 0.07771
331 	 0.07770
332 	 0.07770
333 	 0.07770
334 	 0.07770
335 	 0.07770
336 	 0.07770
337 	 0.07770
338 	 0.07771
339 	 0.07771
340 	 0.07772
341 	 0.07773
342 	 0.07771
343 	 0.07772
344 	 0.07772
345 	 0.07771
346 	 0.07771
347 	 0.07771
348 	 0.07770
349 	 0.07771
350 	 0.07770
351 	 0.07769
352 	 0.07769
353 	 0.07769
354 	 0.07769
355 	 0.07769
356 	 0.07768
357 	 0.07767
358 	 0.07767
359 	 0.07767
360 	 0.07767
361 	 0.07765
362 	 0.07765
363 	 0.07764
364 	 0.07764
365 	 0.07764
366 	 0.07765
367 	 0.07765
368 	 0.07765
369 	 0.07765
370 	 0.07766
371 	 0.07766
372 	 0.07765
373 	 0.07766
374 	 0.07766
375 	 0.07765
376 	 0.07765
377 	 0.07765
378 	 0.07765
379 	 0.07765
380 	 0.07765
381 	 0.07765
382 	 0.07765
383 	 0.07765
384 	 0.07764
385 	 0.07764
386 	 0.07764
387 	 0.07764
388 	 0.07764
389 	 0.07764
390 	 0.07765
391 	 0.07765
392 	 0.07765
393 	 0.07765
394 	 0.07765
395 	 0.07766
396 	 0.07767
397 	 0.07767
398 	 0.07766
399 	 0.07765
400 	 0.07765
401 	 0.07765
402 	 0.07765
403 	 0.07765
404 	 0.07764
405 	 0.07763
406 	 0.07764
407 	 0.07763
408 	 0.07763
409 	 0.07763
410 	 0.07764
411 	 0.07763
412 	 0.07763
413 	 0.07763
414 	 0.07762
415 	 0.07761
416 	 0.07761
417 	 0.07761
418 	 0.07761
419 	 0.07762
420 	 0.07761
421 	 0.07760
422 	 0.07759
423 	 0.07759
424 	 0.07759
425 	 0.07760
426 	 0.07760
427 	 0.07760
428 	 0.07760
429 	 0.07760
430 	 0.07760
431 	 0.07761
432 	 0.07760
433 	 0.07761
434 	 0.07761
435 	 0.07761
436 	 0.07761
437 	 0.07761
438 	 0.07761
439 	 0.07762
440 	 0.07761
441 	 0.07761
442 	 0.07762
443 	 0.07761
444 	 0.07760
445 	 0.07761
446 	 0.07761
447 	 0.07761
448 	 0.07761
449 	 0.07762
450 	 0.07762
451 	 0.07762
452 	 0.07762
453 	 0.07762
454 	 0.07762
455 	 0.07762
456 	 0.07762
457 	 0.07761
458 	 0.07761
459 	 0.07760
460 	 0.07761
461 	 0.07761
462 	 0.07760
463 	 0.07759
464 	 0.07760
465 	 0.07760
466 	 0.07760
467 	 0.07759
468 	 0.07760
469 	 0.07760
470 	 0.07759
471 	 0.07760
472 	 0.07759
473 	 0.07760
474 	 0.07760
475 	 0.07760
476 	 0.07760
477 	 0.07759
478 	 0.07760
479 	 0.07760
480 	 0.07761
481 	 0.07761
482 	 0.07761
483 	 0.07760
484 	 0.07761
485 	 0.07761
486 	 0.07762
487 	 0.07762
488 	 0.07761
489 	 0.07762
490 	 0.07762
491 	 0.07761
492 	 0.07762
493 	 0.07761
494 	 0.07761
495 	 0.07760
496 	 0.07760
497 	 0.07760
498 	 0.07761
499 	 0.07761
500 	 0.07761
501 	 0.07761
502 	 0.07762
503 	 0.07762
504 	 0.07761
505 	 0.07760
506 	 0.07760
507 	 0.07760
508 	 0.07759
509 	 0.07759
510 	 0.07759
511 	 0.07759
512 	 0.07760
513 	 0.07760
514 	 0.07759
515 	 0.07757
516 	 0.07757
517 	 0.07758
518 	 0.07758
519 	 0.07758
520 	 0.07758
521 	 0.07758
522 	 0.07758
523 	 0.07759
524 	 0.07759
525 	 0.07759
526 	 0.07759
527 	 0.07758
528 	 0.07758
529 	 0.07758
530 	 0.07757
531 	 0.07757
532 	 0.07757
533 	 0.07758
534 	 0.07757
535 	 0.07758
536 	 0.07758
537 	 0.07758
538 	 0.07759
539 	 0.07758
540 	 0.07758
541 	 0.07759
542 	 0.07759
543 	 0.07760
544 	 0.07759
545 	 0.07760
546 	 0.07759
547 	 0.07760
548 	 0.07760
549 	 0.07760
550 	 0.07760
551 	 0.07760
552 	 0.07760
553 	 0.07759
554 	 0.07759
555 	 0.07759
556 	 0.07759
557 	 0.07758
558 	 0.07758
559 	 0.07759
560 	 0.07758
561 	 0.07758
562 	 0.07758
563 	 0.07758
564 	 0.07757
565 	 0.07758
566 	 0.07758
567 	 0.07758
568 	 0.07758
569 	 0.07758
570 	 0.07757
571 	 0.07757
572 	 0.07757
573 	 0.07758
574 	 0.07758
575 	 0.07757
576 	 0.07757
577 	 0.07757
578 	 0.07757
579 	 0.07757
580 	 0.07757
581 	 0.07757
582 	 0.07758
583 	 0.07758
584 	 0.07758
585 	 0.07759
586 	 0.07758
587 	 0.07758
588 	 0.07758
589 	 0.07757
590 	 0.07757
591 	 0.07756
592 	 0.07756
593 	 0.07756
594 	 0.07756
595 	 0.07755
596 	 0.07755
597 	 0.07756
598 	 0.07755
599 	 0.07755
600 	 0.07756
601 	 0.07756
602 	 0.07756
603 	 0.07756
604 	 0.07756
605 	 0.07755
606 	 0.07755
607 	 0.07755
608 	 0.07756
609 	 0.07756
610 	 0.07755
611 	 0.07755
612 	 0.07754
613 	 0.07754
614 	 0.07755
615 	 0.07754
616 	 0.07755
617 	 0.07754
618 	 0.07755
619 	 0.07755
620 	 0.07755
621 	 0.07755
622 	 0.07755
623 	 0.07756
624 	 0.07756
625 	 0.07757
626 	 0.07758
627 	 0.07757
628 	 0.07758
629 	 0.07757
630 	 0.07757
631 	 0.07756
632 	 0.07755
633 	 0.07755
634 	 0.07756
635 	 0.07757
636 	 0.07757
637 	 0.07756
638 	 0.07756
639 	 0.07756
640 	 0.07756
641 	 0.07756
642 	 0.07757
643 	 0.07756
644 	 0.07756
645 	 0.07756
646 	 0.07756
647 	 0.07756
648 	 0.07756
649 	 0.07756
650 	 0.07756
651 	 0.07756
652 	 0.07756
653 	 0.07755
654 	 0.07755
655 	 0.07755
656 	 0.07755
657 	 0.07755
658 	 0.07755
659 	 0.07755
660 	 0.07755
661 	 0.07755
662 	 0.07754
663 	 0.07753
664 	 0.07754
665 	 0.07754
666 	 0.07754
667 	 0.07754
668 	 0.07754
669 	 0.07754
670 	 0.07753
671 	 0.07754
672 	 0.07755
673 	 0.07754
674 	 0.07754
675 	 0.07754
676 	 0.07753
677 	 0.07754
678 	 0.07754
679 	 0.07754
680 	 0.07754
681 	 0.07754
682 	 0.07753
683 	 0.07753
684 	 0.07754
685 	 0.07753
686 	 0.07753
687 	 0.07753
688 	 0.07753
689 	 0.07753
690 	 0.07753
691 	 0.07752
692 	 0.07753
693 	 0.07753
694 	 0.07753
695 	 0.07753
696 	 0.07754
697 	 0.07753
698 	 0.07752
699 	 0.07752
700 	 0.07752
701 	 0.07751
702 	 0.07751
703 	 0.07752
704 	 0.07752
705 	 0.07752
706 	 0.07752
707 	 0.07752
708 	 0.07753
709 	 0.07752
710 	 0.07752
711 	 0.07751
712 	 0.07751
713 	 0.07752
714 	 0.07751
715 	 0.07751
716 	 0.07752
717 	 0.07752
718 	 0.07753
719 	 0.07753
720 	 0.07753
721 	 0.07754
722 	 0.07754
723 	 0.07754
724 	 0.07754
725 	 0.07753
726 	 0.07753
727 	 0.07753
728 	 0.07753
729 	 0.07753
730 	 0.07753
731 	 0.07753
732 	 0.07753
733 	 0.07753
734 	 0.07753
735 	 0.07752
736 	 0.07752
737 	 0.07752
738 	 0.07751
739 	 0.07750
740 	 0.07751
741 	 0.07749
742 	 0.07749
743 	 0.07749
744 	 0.07749
745 	 0.07748
746 	 0.07749
747 	 0.07749
748 	 0.07750
749 	 0.07750
750 	 0.07750
751 	 0.07750
752 	 0.07749
753 	 0.07749
754 	 0.07750
755 	 0.07749
756 	 0.07750
757 	 0.07750
758 	 0.07750
759 	 0.07750
760 	 0.07750
761 	 0.07751
762 	 0.07751
763 	 0.07750
764 	 0.07750
765 	 0.07749
766 	 0.07750
767 	 0.07750
768 	 0.07750
769 	 0.07749
770 	 0.07749
771 	 0.07749
772 	 0.07749
773 	 0.07749
774 	 0.07748
775 	 0.07748
776 	 0.07748
777 	 0.07747
778 	 0.07747
779 	 0.07747
780 	 0.07747
781 	 0.07747
782 	 0.07746
783 	 0.07746
784 	 0.07746
785 	 0.07745
786 	 0.07746
787 	 0.07746
788 	 0.07746
789 	 0.07745
790 	 0.07745
791 	 0.07745
792 	 0.07744
793 	 0.07745
794 	 0.07745
795 	 0.07746
796 	 0.07746
797 	 0.07746
798 	 0.07746
799 	 0.07746
800 	 0.07745
801 	 0.07745
802 	 0.07744
803 	 0.07744
804 	 0.07743
805 	 0.07743
806 	 0.07744
807 	 0.07744
808 	 0.07744
809 	 0.07743
810 	 0.07743
811 	 0.07743
812 	 0.07744
813 	 0.07743
814 	 0.07743
815 	 0.07743
816 	 0.07743
817 	 0.07743
818 	 0.07743
819 	 0.07743
820 	 0.07743
821 	 0.07743
822 	 0.07744
823 	 0.07744
824 	 0.07744
825 	 0.07744
826 	 0.07743
827 	 0.07744
828 	 0.07744
829 	 0.07743
830 	 0.07744
831 	 0.07744
832 	 0.07744
833 	 0.07745
834 	 0.07745
835 	 0.07745
836 	 0.07745
837 	 0.07745
838 	 0.07745
839 	 0.07745
840 	 0.07745
841 	 0.07745
842 	 0.07745
843 	 0.07744
844 	 0.07744
845 	 0.07744
846 	 0.07745
847 	 0.07745
848 	 0.07745
849 	 0.07745
850 	 0.07744
851 	 0.07744
852 	 0.07745
853 	 0.07744
854 	 0.07744
855 	 0.07745
856 	 0.07745
857 	 0.07746
858 	 0.07746
859 	 0.07747
860 	 0.07747
861 	 0.07747
862 	 0.07748
863 	 0.07747
864 	 0.07747
865 	 0.07747
866 	 0.07747
867 	 0.07747
868 	 0.07747
869 	 0.07747
870 	 0.07747
871 	 0.07747
872 	 0.07747
873 	 0.07748
874 	 0.07748
875 	 0.07749
876 	 0.07749
877 	 0.07749
878 	 0.07750
879 	 0.07749
880 	 0.07750
881 	 0.07749
882 	 0.07750
883 	 0.07750
884 	 0.07750
885 	 0.07750
886 	 0.07751
887 	 0.07750
888 	 0.07750
889 	 0.07750
890 	 0.07751
891 	 0.07750
892 	 0.07750
893 	 0.07750
894 	 0.07750
895 	 0.07750
896 	 0.07750
897 	 0.07751
898 	 0.07750
899 	 0.07751
900 	 0.07750
901 	 0.07750
902 	 0.07749
903 	 0.07749
904 	 0.07748
905 	 0.07748
906 	 0.07747
907 	 0.07748
908 	 0.07747
909 	 0.07748
910 	 0.07747
911 	 0.07746
912 	 0.07746
913 	 0.07746
914 	 0.07746
915 	 0.07747
916 	 0.07746
917 	 0.07746
918 	 0.07746
919 	 0.07746
920 	 0.07746
921 	 0.07746
922 	 0.07746
923 	 0.07745
924 	 0.07746
925 	 0.07745
926 	 0.07745
927 	 0.07745
928 	 0.07745
929 	 0.07745
930 	 0.07746
931 	 0.07746
932 	 0.07745
933 	 0.07745
934 	 0.07744
935 	 0.07744
936 	 0.07745
937 	 0.07744
938 	 0.07744
939 	 0.07745
940 	 0.07745
941 	 0.07745
942 	 0.07744
943 	 0.07745
944 	 0.07745
945 	 0.07745
946 	 0.07744
947 	 0.07745
948 	 0.07745
949 	 0.07745
950 	 0.07745
951 	 0.07745
952 	 0.07745
953 	 0.07746
954 	 0.07745
955 	 0.07746
956 	 0.07745
957 	 0.07746
958 	 0.07746
959 	 0.07746
960 	 0.07747
961 	 0.07747
962 	 0.07747
963 	 0.07748
964 	 0.07748
965 	 0.07747
966 	 0.07747
967 	 0.07747
968 	 0.07746
969 	 0.07746
970 	 0.07746
971 	 0.07747
972 	 0.07747
973 	 0.07747
974 	 0.07747
975 	 0.07747
976 	 0.07746
977 	 0.07746
978 	 0.07746
979 	 0.07746
980 	 0.07746
981 	 0.07747
982 	 0.07747
983 	 0.07747
984 	 0.07747
985 	 0.07746
986 	 0.07746
987 	 0.07746
988 	 0.07745
989 	 0.07745
990 	 0.07745
991 	 0.07745
992 	 0.07746
993 	 0.07747
994 	 0.07747
995 	 0.07747
996 	 0.07747
997 	 0.07746
998 	 0.07747
999 	 0.07746
1000 	 0.07746
1001 	 0.07746
1002 	 0.07745
1003 	 0.07746
1004 	 0.07746
1005 	 0.07746
1006 	 0.07746
1007 	 0.07746
1008 	 0.07747
1009 	 0.07746
1010 	 0.07745
1011 	 0.07746
1012 	 0.07746
1013 	 0.07745
1014 	 0.07745
1015 	 0.07744
1016 	 0.07745
1017 	 0.07745
1018 	 0.07745
1019 	 0.07745
1020 	 0.07745
1021 	 0.07745
1022 	 0.07745
1023 	 0.07745
1024 	 0.07744
1025 	 0.07744
1026 	 0.07744
1027 	 0.07744
1028 	 0.07744
1029 	 0.07744
1030 	 0.07744
1031 	 0.07744
1032 	 0.07744
1033 	 0.07744
1034 	 0.07743
1035 	 0.07743
1036 	 0.07743
1037 	 0.07743
1038 	 0.07744
1039 	 0.07743
1040 	 0.07742
1041 	 0.07742
1042 	 0.07741
1043 	 0.07742
1044 	 0.07741
1045 	 0.07742
1046 	 0.07742
1047 	 0.07742
1048 	 0.07743
1049 	 0.07743
1050 	 0.07743
1051 	 0.07743
1052 	 0.07743
1053 	 0.07743
1054 	 0.07743
1055 	 0.07743
1056 	 0.07743
1057 	 0.07743
1058 	 0.07743
1059 	 0.07742
1060 	 0.07742
1061 	 0.07742
1062 	 0.07743
1063 	 0.07743
1064 	 0.07743
1065 	 0.07743
1066 	 0.07744
1067 	 0.07744
1068 	 0.07744
1069 	 0.07744
1070 	 0.07744
1071 	 0.07744
1072 	 0.07744
1073 	 0.07744
1074 	 0.07744
1075 	 0.07744
1076 	 0.07744
1077 	 0.07744
1078 	 0.07744
1079 	 0.07744
1080 	 0.07744
1081 	 0.07744
1082 	 0.07745
1083 	 0.07745
1084 	 0.07745
1085 	 0.07745
1086 	 0.07745
1087 	 0.07745
1088 	 0.07744
1089 	 0.07744
1090 	 0.07745
1091 	 0.07744
1092 	 0.07744
1093 	 0.07743
1094 	 0.07744
1095 	 0.07743
1096 	 0.07743
1097 	 0.07743
1098 	 0.07744
1099 	 0.07744
1100 	 0.07745
1101 	 0.07745
1102 	 0.07745
1103 	 0.07745
1104 	 0.07746
1105 	 0.07746
1106 	 0.07747
1107 	 0.07746
1108 	 0.07747
1109 	 0.07746
1110 	 0.07746
1111 	 0.07746
1112 	 0.07747
1113 	 0.07746
1114 	 0.07746
1115 	 0.07746
1116 	 0.07746
1117 	 0.07746
1118 	 0.07745
1119 	 0.07746
1120 	 0.07746
1121 	 0.07746
1122 	 0.07746
1123 	 0.07746
1124 	 0.07746
1125 	 0.07745
1126 	 0.07745
1127 	 0.07745
1128 	 0.07745
1129 	 0.07745
1130 	 0.07745
1131 	 0.07745
1132 	 0.07746
1133 	 0.07746
1134 	 0.07745
1135 	 0.07745
1136 	 0.07745
1137 	 0.07746
1138 	 0.07746
1139 	 0.07747
1140 	 0.07747
1141 	 0.07747
1142 	 0.07747
1143 	 0.07748
1144 	 0.07748
1145 	 0.07748
1146 	 0.07748
1147 	 0.07748
1148 	 0.07748
1149 	 0.07748
1150 	 0.07748
1151 	 0.07747
1152 	 0.07747
1153 	 0.07747
1154 	 0.07747
1155 	 0.07747
1156 	 0.07748
1157 	 0.07748
1158 	 0.07747
1159 	 0.07748
1160 	 0.07747
1161 	 0.07747
1162 	 0.07748
1163 	 0.07748
1164 	 0.07747
1165 	 0.07747
1166 	 0.07747
1167 	 0.07747
1168 	 0.07747
1169 	 0.07747
1170 	 0.07747
1171 	 0.07747
1172 	 0.07748
1173 	 0.07747
1174 	 0.07747
1175 	 0.07747
1176 	 0.07748
1177 	 0.07748
1178 	 0.07747
1179 	 0.07747
1180 	 0.07746
1181 	 0.07746
1182 	 0.07746
1183 	 0.07746
1184 	 0.07746
1185 	 0.07746
1186 	 0.07747
1187 	 0.07746
1188 	 0.07745
1189 	 0.07745
1190 	 0.07745
1191 	 0.07744
1192 	 0.07744
1193 	 0.07744
1194 	 0.07743
1195 	 0.07743
1196 	 0.07743
1197 	 0.07743
1198 	 0.07743
1199 	 0.07743
1200 	 0.07743
1201 	 0.07744
1202 	 0.07744
1203 	 0.07744
1204 	 0.07744
1205 	 0.07745
1206 	 0.07745
1207 	 0.07745
1208 	 0.07745
1209 	 0.07745
1210 	 0.07745
1211 	 0.07745
1212 	 0.07745
1213 	 0.07745
1214 	 0.07745
1215 	 0.07745
1216 	 0.07745
1217 	 0.07745
1218 	 0.07745
1219 	 0.07745
1220 	 0.07745
1221 	 0.07744
1222 	 0.07744
1223 	 0.07744
1224 	 0.07744
1225 	 0.07744
1226 	 0.07744
1227 	 0.07744
1228 	 0.07744
1229 	 0.07743
1230 	 0.07743
1231 	 0.07743
1232 	 0.07743
1233 	 0.07742
1234 	 0.07742
1235 	 0.07742
1236 	 0.07742
1237 	 0.07742
1238 	 0.07742
1239 	 0.07741
1240 	 0.07741
1241 	 0.07741
1242 	 0.07741
1243 	 0.07741
1244 	 0.07741
1245 	 0.07740
1246 	 0.07740
1247 	 0.07740
1248 	 0.07740
1249 	 0.07740
1250 	 0.07740
1251 	 0.07740
1252 	 0.07740
1253 	 0.07740
1254 	 0.07740
1255 	 0.07739
1256 	 0.07739
1257 	 0.07739
1258 	 0.07739
1259 	 0.07739
1260 	 0.07739
1261 	 0.07739
1262 	 0.07738
1263 	 0.07739
1264 	 0.07739
1265 	 0.07738
1266 	 0.07737
1267 	 0.07737
1268 	 0.07737
1269 	 0.07736
1270 	 0.07736
1271 	 0.07736
1272 	 0.07736
1273 	 0.07736
1274 	 0.07736
1275 	 0.07736
1276 	 0.07736
1277 	 0.07737
1278 	 0.07737
1279 	 0.07737
1280 	 0.07737
1281 	 0.07737
1282 	 0.07737
1283 	 0.07737
1284 	 0.07737
1285 	 0.07737
1286 	 0.07737
1287 	 0.07737
1288 	 0.07736
1289 	 0.07736
1290 	 0.07736
1291 	 0.07737
1292 	 0.07738
1293 	 0.07737
1294 	 0.07737
1295 	 0.07737
1296 	 0.07738
1297 	 0.07738
1298 	 0.07737
1299 	 0.07737
1300 	 0.07737
1301 	 0.07737
1302 	 0.07737
1303 	 0.07737
1304 	 0.07737
1305 	 0.07736
1306 	 0.07736
1307 	 0.07737
1308 	 0.07737
1309 	 0.07738
1310 	 0.07738
1311 	 0.07738
1312 	 0.07737
1313 	 0.07738
1314 	 0.07738
1315 	 0.07738
1316 	 0.07738
1317 	 0.07738
1318 	 0.07738
1319 	 0.07738
1320 	 0.07738
1321 	 0.07738
1322 	 0.07738
1323 	 0.07738
1324 	 0.07737
1325 	 0.07737
1326 	 0.07737
1327 	 0.07737
1328 	 0.07737
1329 	 0.07736
1330 	 0.07736
1331 	 0.07736
1332 	 0.07736
1333 	 0.07736
1334 	 0.07736
1335 	 0.07736
1336 	 0.07736
1337 	 0.07736
1338 	 0.07736
1339 	 0.07736
1340 	 0.07736
1341 	 0.07736
1342 	 0.07736
1343 	 0.07736
1344 	 0.07736
1345 	 0.07737
1346 	 0.07737
1347 	 0.07737
1348 	 0.07737
1349 	 0.07738
1350 	 0.07738
1351 	 0.07738
1352 	 0.07738
1353 	 0.07738
1354 	 0.07738
1355 	 0.07738
1356 	 0.07738
1357 	 0.07738
1358 	 0.07739
1359 	 0.07739
1360 	 0.07738
1361 	 0.07738
1362 	 0.07738
1363 	 0.07738
1364 	 0.07737
1365 	 0.07737
1366 	 0.07737
1367 	 0.07737
1368 	 0.07738
1369 	 0.07737
1370 	 0.07737
1371 	 0.07737
1372 	 0.07738
1373 	 0.07738
1374 	 0.07738
1375 	 0.07737
1376 	 0.07737
1377 	 0.07737
1378 	 0.07736
1379 	 0.07736
1380 	 0.07735
1381 	 0.07735
1382 	 0.07735
1383 	 0.07736
1384 	 0.07735
1385 	 0.07735
1386 	 0.07735
1387 	 0.07736
1388 	 0.07736
1389 	 0.07735
1390 	 0.07736
1391 	 0.07736
1392 	 0.07736
1393 	 0.07735
1394 	 0.07735
1395 	 0.07735
1396 	 0.07735
1397 	 0.07736
1398 	 0.07735
1399 	 0.07735
1400 	 0.07735
1401 	 0.07735
1402 	 0.07735
1403 	 0.07734
1404 	 0.07734
1405 	 0.07735
1406 	 0.07734
1407 	 0.07734
1408 	 0.07734
1409 	 0.07734
1410 	 0.07734
1411 	 0.07734
1412 	 0.07734
1413 	 0.07734
1414 	 0.07734
1415 	 0.07734
1416 	 0.07734
1417 	 0.07734
1418 	 0.07734
1419 	 0.07734
1420 	 0.07735
1421 	 0.07735
1422 	 0.07735
1423 	 0.07735
1424 	 0.07735
1425 	 0.07735
1426 	 0.07734
1427 	 0.07734
1428 	 0.07735
1429 	 0.07734
1430 	 0.07735
1431 	 0.07734
1432 	 0.07734
1433 	 0.07734
1434 	 0.07734
1435 	 0.07734
1436 	 0.07734
1437 	 0.07734
1438 	 0.07734
1439 	 0.07734
1440 	 0.07734
1441 	 0.07734
1442 	 0.07733
1443 	 0.07733
1444 	 0.07733
1445 	 0.07733
1446 	 0.07733
1447 	 0.07734
1448 	 0.07734
1449 	 0.07734
1450 	 0.07734
1451 	 0.07734
1452 	 0.07734
1453 	 0.07733
1454 	 0.07733
1455 	 0.07733
1456 	 0.07733
1457 	 0.07733
1458 	 0.07734
1459 	 0.07734
1460 	 0.07734
1461 	 0.07734
1462 	 0.07734
1463 	 0.07735
1464 	 0.07735
1465 	 0.07735
1466 	 0.07735
1467 	 0.07735
1468 	 0.07735
1469 	 0.07736
1470 	 0.07736
1471 	 0.07736
1472 	 0.07735
1473 	 0.07735
1474 	 0.07735
1475 	 0.07735
1476 	 0.07735
1477 	 0.07735
1478 	 0.07735
1479 	 0.07735
1480 	 0.07735
1481 	 0.07735
1482 	 0.07734
1483 	 0.07734
1484 	 0.07734
1485 	 0.07734
1486 	 0.07734
1487 	 0.07735
1488 	 0.07735
1489 	 0.07734
1490 	 0.07734
1491 	 0.07735
1492 	 0.07736
1493 	 0.07735
1494 	 0.07735
1495 	 0.07735
1496 	 0.07736
1497 	 0.07736
1498 	 0.07736
1499 	 0.07736
1500 	 0.07736
1501 	 0.07736
1502 	 0.07736
1503 	 0.07736
1504 	 0.07737
1505 	 0.07736
1506 	 0.07736
1507 	 0.07736
1508 	 0.07736
1509 	 0.07736
1510 	 0.07736
1511 	 0.07736
1512 	 0.07736
1513 	 0.07736
1514 	 0.07736
1515 	 0.07736
1516 	 0.07736
1517 	 0.07736
1518 	 0.07736
1519 	 0.07736
1520 	 0.07736
1521 	 0.07736
1522 	 0.07736
1523 	 0.07736
1524 	 0.07736
1525 	 0.07736
1526 	 0.07736
1527 	 0.07736
1528 	 0.07736
1529 	 0.07736
1530 	 0.07736
1531 	 0.07736
1532 	 0.07736
1533 	 0.07736
1534 	 0.07736
1535 	 0.07736
1536 	 0.07736
1537 	 0.07736
1538 	 0.07736
1539 	 0.07736
1540 	 0.07736
1541 	 0.07736
1542 	 0.07735
1543 	 0.07735
1544 	 0.07735
1545 	 0.07735
1546 	 0.07736
1547 	 0.07736
1548 	 0.07736
1549 	 0.07736
1550 	 0.07736
1551 	 0.07736
1552 	 0.07736
1553 	 0.07736
1554 	 0.07736
1555 	 0.07735
1556 	 0.07736
1557 	 0.07736
1558 	 0.07736
1559 	 0.07736
1560 	 0.07736
1561 	 0.07736
1562 	 0.07735
1563 	 0.07736
1564 	 0.07735
1565 	 0.07736
1566 	 0.07736
1567 	 0.07735
1568 	 0.07735
1569 	 0.07735
1570 	 0.07735
1571 	 0.07735
1572 	 0.07735
1573 	 0.07735
1574 	 0.07735
1575 	 0.07735
1576 	 0.07735
1577 	 0.07735
1578 	 0.07736
1579 	 0.07735
1580 	 0.07735
1581 	 0.07735
1582 	 0.07735
1583 	 0.07735
1584 	 0.07735
1585 	 0.07735
1586 	 0.07735
1587 	 0.07734
1588 	 0.07735
1589 	 0.07735
1590 	 0.07735
1591 	 0.07735
1592 	 0.07735
1593 	 0.07736
1594 	 0.07735
1595 	 0.07735
1596 	 0.07735
1597 	 0.07735
1598 	 0.07735
1599 	 0.07735
1600 	 0.07735
1601 	 0.07735
1602 	 0.07735
1603 	 0.07735
1604 	 0.07734
1605 	 0.07734
1606 	 0.07734
1607 	 0.07734
1608 	 0.07734
1609 	 0.07734
1610 	 0.07734
1611 	 0.07734
1612 	 0.07734
1613 	 0.07734
1614 	 0.07734
1615 	 0.07734
1616 	 0.07734
1617 	 0.07734
1618 	 0.07734
1619 	 0.07734
1620 	 0.07734
1621 	 0.07734
1622 	 0.07734
1623 	 0.07733
1624 	 0.07733
1625 	 0.07733
1626 	 0.07733
1627 	 0.07733
1628 	 0.07732
1629 	 0.07733
1630 	 0.07733
1631 	 0.07733
1632 	 0.07732
1633 	 0.07732
1634 	 0.07733
1635 	 0.07732
1636 	 0.07732
1637 	 0.07733
1638 	 0.07733
1639 	 0.07733
1640 	 0.07733
1641 	 0.07733
1642 	 0.07733
1643 	 0.07732
1644 	 0.07732
1645 	 0.07732
1646 	 0.07732
1647 	 0.07732
1648 	 0.07732
1649 	 0.07731
1650 	 0.07732
1651 	 0.07732
1652 	 0.07732
1653 	 0.07732
1654 	 0.07732
1655 	 0.07733
1656 	 0.07733
1657 	 0.07733
1658 	 0.07733
1659 	 0.07733
1660 	 0.07733
1661 	 0.07733
1662 	 0.07732
1663 	 0.07732
1664 	 0.07732
1665 	 0.07732
1666 	 0.07733
1667 	 0.07733
1668 	 0.07733
1669 	 0.07733
1670 	 0.07733
1671 	 0.07733
1672 	 0.07733
1673 	 0.07732
1674 	 0.07733
1675 	 0.07733
1676 	 0.07733
1677 	 0.07733
1678 	 0.07733
1679 	 0.07733
1680 	 0.07733
1681 	 0.07733
1682 	 0.07734
1683 	 0.07734
1684 	 0.07734
1685 	 0.07734
1686 	 0.07734
1687 	 0.07734
1688 	 0.07734
1689 	 0.07734
1690 	 0.07735
1691 	 0.07734
1692 	 0.07734
1693 	 0.07734
1694 	 0.07734
1695 	 0.07734
1696 	 0.07734
1697 	 0.07734
1698 	 0.07734
1699 	 0.07734
1700 	 0.07734
1701 	 0.07734
1702 	 0.07734
1703 	 0.07734
1704 	 0.07734
1705 	 0.07734
1706 	 0.07734
1707 	 0.07735
1708 	 0.07734
1709 	 0.07734
1710 	 0.07735
1711 	 0.07735
1712 	 0.07735
1713 	 0.07735
1714 	 0.07736
1715 	 0.07735
1716 	 0.07735
1717 	 0.07735
1718 	 0.07735
1719 	 0.07734
1720 	 0.07734
1721 	 0.07735
1722 	 0.07735
1723 	 0.07735
1724 	 0.07734
1725 	 0.07734
1726 	 0.07734
1727 	 0.07734
1728 	 0.07734
1729 	 0.07734
1730 	 0.07734
1731 	 0.07735
1732 	 0.07734
1733 	 0.07735
1734 	 0.07735
1735 	 0.07736
1736 	 0.07735
1737 	 0.07736
1738 	 0.07736
1739 	 0.07736
1740 	 0.07736
1741 	 0.07736
1742 	 0.07736
1743 	 0.07736
1744 	 0.07736
1745 	 0.07736
1746 	 0.07736
1747 	 0.07736
1748 	 0.07736
1749 	 0.07736
1750 	 0.07736
1751 	 0.07736
1752 	 0.07736
1753 	 0.07736
1754 	 0.07736
1755 	 0.07736
1756 	 0.07736
1757 	 0.07736
1758 	 0.07736
1759 	 0.07736
1760 	 0.07736
1761 	 0.07736
1762 	 0.07736
1763 	 0.07736
1764 	 0.07735
1765 	 0.07735
1766 	 0.07735
1767 	 0.07735
1768 	 0.07735
1769 	 0.07735
1770 	 0.07735
1771 	 0.07735
1772 	 0.07735
1773 	 0.07734
1774 	 0.07735
1775 	 0.07735
1776 	 0.07735
1777 	 0.07735
1778 	 0.07735
1779 	 0.07735
1780 	 0.07735
1781 	 0.07734
1782 	 0.07734
1783 	 0.07734
1784 	 0.07734
1785 	 0.07734
1786 	 0.07734
1787 	 0.07734
1788 	 0.07734
1789 	 0.07734
1790 	 0.07735
1791 	 0.07734
1792 	 0.07734
1793 	 0.07735
1794 	 0.07736
1795 	 0.07735
1796 	 0.07735
1797 	 0.07735
1798 	 0.07735
1799 	 0.07734
1800 	 0.07734
1801 	 0.07734
1802 	 0.07734
1803 	 0.07734
1804 	 0.07734
1805 	 0.07734
1806 	 0.07734
1807 	 0.07734
1808 	 0.07734
1809 	 0.07734
1810 	 0.07735
1811 	 0.07734
1812 	 0.07734
1813 	 0.07735
1814 	 0.07735
1815 	 0.07734
1816 	 0.07734
1817 	 0.07733
1818 	 0.07733
1819 	 0.07734
1820 	 0.07734
1821 	 0.07734
1822 	 0.07734
1823 	 0.07734
1824 	 0.07734
1825 	 0.07734
1826 	 0.07734
1827 	 0.07734
1828 	 0.07734
1829 	 0.07734
1830 	 0.07734
1831 	 0.07734
1832 	 0.07734
1833 	 0.07734
1834 	 0.07734
1835 	 0.07735
1836 	 0.07734
1837 	 0.07734
1838 	 0.07734
1839 	 0.07734
1840 	 0.07734
1841 	 0.07735
1842 	 0.07735
1843 	 0.07735
1844 	 0.07735
1845 	 0.07735
1846 	 0.07734
1847 	 0.07735
1848 	 0.07735
1849 	 0.07735
1850 	 0.07735
1851 	 0.07735
1852 	 0.07735
1853 	 0.07735
1854 	 0.07735
1855 	 0.07735
1856 	 0.07735
1857 	 0.07735
1858 	 0.07735
1859 	 0.07734
1860 	 0.07734
1861 	 0.07734
1862 	 0.07734
1863 	 0.07734
1864 	 0.07735
1865 	 0.07735
1866 	 0.07735
1867 	 0.07735
1868 	 0.07735
1869 	 0.07735
1870 	 0.07735
1871 	 0.07734
1872 	 0.07734
1873 	 0.07734
1874 	 0.07735
1875 	 0.07734
1876 	 0.07734
1877 	 0.07735
1878 	 0.07735
1879 	 0.07734
1880 	 0.07735
1881 	 0.07735
1882 	 0.07735
1883 	 0.07735
1884 	 0.07736
1885 	 0.07736
1886 	 0.07736
1887 	 0.07736
1888 	 0.07736
1889 	 0.07736
1890 	 0.07736
1891 	 0.07736
1892 	 0.07736
1893 	 0.07736
1894 	 0.07736
1895 	 0.07736
1896 	 0.07736
1897 	 0.07736
1898 	 0.07737
1899 	 0.07736
1900 	 0.07737
1901 	 0.07737
1902 	 0.07737
1903 	 0.07737
1904 	 0.07737
1905 	 0.07737
1906 	 0.07737
1907 	 0.07737
1908 	 0.07737
1909 	 0.07737
1910 	 0.07737
1911 	 0.07737
1912 	 0.07737
1913 	 0.07737
1914 	 0.07737
1915 	 0.07737
1916 	 0.07737
1917 	 0.07737
1918 	 0.07738
1919 	 0.07738
1920 	 0.07738
1921 	 0.07737
1922 	 0.07737
1923 	 0.07737
1924 	 0.07737
1925 	 0.07737
1926 	 0.07737
1927 	 0.07737
1928 	 0.07737
1929 	 0.07736
1930 	 0.07736
1931 	 0.07736
1932 	 0.07735
1933 	 0.07735
1934 	 0.07735
1935 	 0.07735
1936 	 0.07735
1937 	 0.07735
1938 	 0.07735
1939 	 0.07735
1940 	 0.07735
1941 	 0.07735
1942 	 0.07735
1943 	 0.07735
1944 	 0.07735
1945 	 0.07735
1946 	 0.07735
1947 	 0.07735
1948 	 0.07735
1949 	 0.07735
1950 	 0.07734
1951 	 0.07734
1952 	 0.07733
1953 	 0.07733
1954 	 0.07733
1955 	 0.07733
1956 	 0.07733
1957 	 0.07733
1958 	 0.07733
1959 	 0.07733
1960 	 0.07733
1961 	 0.07733
1962 	 0.07733
1963 	 0.07733
1964 	 0.07733
1965 	 0.07733
1966 	 0.07732
1967 	 0.07733
1968 	 0.07732
1969 	 0.07732
1970 	 0.07732
1971 	 0.07732
1972 	 0.07731
1973 	 0.07732
1974 	 0.07732
1975 	 0.07732
1976 	 0.07732
1977 	 0.07732
1978 	 0.07732
1979 	 0.07732
1980 	 0.07732
1981 	 0.07732
1982 	 0.07732
1983 	 0.07732
1984 	 0.07732
1985 	 0.07731
1986 	 0.07732
1987 	 0.07732
1988 	 0.07732
1989 	 0.07732
1990 	 0.07732
1991 	 0.07732
1992 	 0.07732
1993 	 0.07732
1994 	 0.07733
1995 	 0.07732
1996 	 0.07732
1997 	 0.07732
1998 	 0.07732
1999 	 0.07732
