0 	 inf
1 	 0.18959
2 	 0.13741
3 	 0.11928
4 	 0.10982
5 	 0.10425
6 	 0.10039
7 	 0.09759
8 	 0.09553
9 	 0.09373
10 	 0.09251
11 	 0.09118
12 	 0.09015
13 	 0.08935
14 	 0.08868
15 	 0.08805
16 	 0.08758
17 	 0.08695
18 	 0.08655
19 	 0.08612
20 	 0.08583
21 	 0.08554
22 	 0.08511
23 	 0.08481
24 	 0.08456
25 	 0.08428
26 	 0.08407
27 	 0.08387
28 	 0.08375
29 	 0.08348
30 	 0.08335
31 	 0.08314
32 	 0.08306
33 	 0.08298
34 	 0.08283
35 	 0.08266
36 	 0.08254
37 	 0.08243
38 	 0.08224
39 	 0.08211
40 	 0.08200
41 	 0.08191
42 	 0.08183
43 	 0.08175
44 	 0.08167
45 	 0.08157
46 	 0.08148
47 	 0.08132
48 	 0.08121
49 	 0.08114
50 	 0.08103
51 	 0.08098
52 	 0.08088
53 	 0.08077
54 	 0.08069
55 	 0.08059
56 	 0.08056
57 	 0.08050
58 	 0.08044
59 	 0.08043
60 	 0.08035
61 	 0.08028
62 	 0.08025
63 	 0.08022
64 	 0.08023
65 	 0.08018
66 	 0.08006
67 	 0.08003
68 	 0.08000
69 	 0.08003
70 	 0.07999
71 	 0.07993
72 	 0.07990
73 	 0.07986
74 	 0.07980
75 	 0.07973
76 	 0.07968
77 	 0.07969
78 	 0.07970
79 	 0.07970
80 	 0.07960
81 	 0.07960
82 	 0.07957
83 	 0.07952
84 	 0.07953
85 	 0.07950
86 	 0.07954
87 	 0.07947
88 	 0.07943
89 	 0.07934
90 	 0.07936
91 	 0.07932
92 	 0.07931
93 	 0.07929
94 	 0.07928
95 	 0.07927
96 	 0.07925
97 	 0.07918
98 	 0.07915
99 	 0.07912
100 	 0.07912
101 	 0.07913
102 	 0.07909
103 	 0.07904
104 	 0.07903
105 	 0.07902
106 	 0.07897
107 	 0.07900
108 	 0.07902
109 	 0.07899
110 	 0.07894
111 	 0.07894
112 	 0.07893
113 	 0.07889
114 	 0.07889
115 	 0.07886
116 	 0.07889
117 	 0.07886
118 	 0.07880
119 	 0.07880
120 	 0.07874
121 	 0.07876
122 	 0.07875
123 	 0.07871
124 	 0.07875
125 	 0.07875
126 	 0.07875
127 	 0.07873
128 	 0.07870
129 	 0.07870
130 	 0.07866
131 	 0.07868
132 	 0.07868
133 	 0.07867
134 	 0.07871
135 	 0.07869
136 	 0.07867
137 	 0.07865
138 	 0.07866
139 	 0.07865
140 	 0.07860
141 	 0.07860
142 	 0.07858
143 	 0.07857
144 	 0.07853
145 	 0.07852
146 	 0.07856
147 	 0.07854
148 	 0.07851
149 	 0.07848
150 	 0.07846
151 	 0.07843
152 	 0.07840
153 	 0.07838
154 	 0.07841
155 	 0.07841
156 	 0.07839
157 	 0.07840
158 	 0.07840
159 	 0.07841
160 	 0.07843
161 	 0.07842
162 	 0.07846
163 	 0.07845
164 	 0.07844
165 	 0.07842
166 	 0.07841
167 	 0.07843
168 	 0.07840
169 	 0.07840
170 	 0.07838
171 	 0.07837
172 	 0.07831
173 	 0.07828
174 	 0.07829
175 	 0.07826
176 	 0.07828
177 	 0.07829
178 	 0.07825
179 	 0.07827
180 	 0.07825
181 	 0.07822
182 	 0.07822
183 	 0.07820
184 	 0.07821
185 	 0.07823
186 	 0.07823
187 	 0.07821
188 	 0.07820
189 	 0.07820
190 	 0.07820
191 	 0.07819
192 	 0.07817
193 	 0.07817
194 	 0.07814
195 	 0.07813
196 	 0.07812
197 	 0.07810
198 	 0.07810
199 	 0.07810
200 	 0.07807
201 	 0.07804
202 	 0.07807
203 	 0.07805
204 	 0.07803
205 	 0.07802
206 	 0.07803
207 	 0.07800
208 	 0.07801
209 	 0.07797
210 	 0.07798
211 	 0.07799
212 	 0.07801
213 	 0.07800
214 	 0.07801
215 	 0.07798
216 	 0.07798
217 	 0.07800
218 	 0.07798
219 	 0.07795
220 	 0.07795
221 	 0.07796
222 	 0.07794
223 	 0.07794
224 	 0.07794
225 	 0.07797
226 	 0.07797
227 	 0.07798
228 	 0.07800
229 	 0.07800
230 	 0.07800
231 	 0.07799
232 	 0.07799
233 	 0.07801
234 	 0.07798
235 	 0.07799
236 	 0.07800
237 	 0.07797
238 	 0.07798
239 	 0.07795
240 	 0.07796
241 	 0.07800
242 	 0.07799
243 	 0.07799
244 	 0.07800
245 	 0.07801
246 	 0.07801
247 	 0.07801
248 	 0.07801
249 	 0.07801
250 	 0.07803
251 	 0.07802
252 	 0.07804
253 	 0.07803
254 	 0.07801
255 	 0.07804
256 	 0.07805
257 	 0.07806
258 	 0.07802
259 	 0.07803
260 	 0.07803
261 	 0.07802
262 	 0.07804
263 	 0.07805
264 	 0.07807
265 	 0.07807
266 	 0.07806
267 	 0.07805
268 	 0.07803
269 	 0.07801
270 	 0.07803
271 	 0.07801
272 	 0.07801
273 	 0.07800
274 	 0.07801
275 	 0.07797
276 	 0.07799
277 	 0.07800
278 	 0.07801
279 	 0.07800
280 	 0.07801
281 	 0.07801
282 	 0.07800
283 	 0.07800
284 	 0.07802
285 	 0.07802
286 	 0.07799
287 	 0.07796
288 	 0.07795
289 	 0.07794
290 	 0.07793
291 	 0.07793
292 	 0.07794
293 	 0.07794
294 	 0.07796
295 	 0.07794
296 	 0.07789
297 	 0.07789
298 	 0.07788
299 	 0.07791
300 	 0.07790
301 	 0.07792
302 	 0.07789
303 	 0.07792
304 	 0.07792
305 	 0.07792
306 	 0.07791
307 	 0.07792
308 	 0.07792
309 	 0.07793
310 	 0.07792
311 	 0.07791
312 	 0.07790
313 	 0.07788
314 	 0.07789
315 	 0.07791
316 	 0.07792
317 	 0.07790
318 	 0.07790
319 	 0.07789
320 	 0.07789
321 	 0.07790
322 	 0.07791
323 	 0.07791
324 	 0.07793
325 	 0.07793
326 	 0.07791
327 	 0.07791
328 	 0.07793
329 	 0.07792
330 	 0.07792
331 	 0.07792
332 	 0.07792
333 	 0.07791
334 	 0.07791
335 	 0.07791
336 	 0.07791
337 	 0.07790
338 	 0.07792
339 	 0.07791
340 	 0.07789
341 	 0.07791
342 	 0.07791
343 	 0.07791
344 	 0.07790
345 	 0.07790
346 	 0.07790
347 	 0.07788
348 	 0.07787
349 	 0.07788
350 	 0.07787
351 	 0.07787
352 	 0.07786
353 	 0.07787
354 	 0.07787
355 	 0.07786
356 	 0.07786
357 	 0.07783
358 	 0.07781
359 	 0.07781
360 	 0.07781
361 	 0.07780
362 	 0.07781
363 	 0.07783
364 	 0.07783
365 	 0.07782
366 	 0.07782
367 	 0.07781
368 	 0.07781
369 	 0.07781
370 	 0.07782
371 	 0.07783
372 	 0.07780
373 	 0.07779
374 	 0.07778
375 	 0.07778
376 	 0.07778
377 	 0.07778
378 	 0.07780
379 	 0.07780
380 	 0.07780
381 	 0.07778
382 	 0.07780
383 	 0.07781
384 	 0.07779
385 	 0.07779
386 	 0.07779
387 	 0.07780
388 	 0.07780
389 	 0.07780
390 	 0.07781
391 	 0.07780
392 	 0.07780
393 	 0.07783
394 	 0.07780
395 	 0.07779
396 	 0.07779
397 	 0.07780
398 	 0.07780
399 	 0.07780
400 	 0.07781
401 	 0.07783
402 	 0.07782
403 	 0.07784
404 	 0.07785
405 	 0.07786
406 	 0.07787
407 	 0.07786
408 	 0.07784
409 	 0.07785
410 	 0.07786
411 	 0.07787
412 	 0.07786
413 	 0.07787
414 	 0.07786
415 	 0.07787
416 	 0.07788
417 	 0.07787
418 	 0.07787
419 	 0.07789
420 	 0.07790
421 	 0.07788
422 	 0.07788
423 	 0.07788
424 	 0.07787
425 	 0.07786
426 	 0.07787
427 	 0.07788
428 	 0.07785
429 	 0.07787
430 	 0.07787
431 	 0.07787
432 	 0.07787
433 	 0.07786
434 	 0.07787
435 	 0.07787
436 	 0.07788
437 	 0.07788
438 	 0.07789
439 	 0.07788
440 	 0.07788
441 	 0.07787
442 	 0.07788
443 	 0.07787
444 	 0.07789
445 	 0.07790
446 	 0.07790
447 	 0.07791
448 	 0.07792
449 	 0.07791
450 	 0.07789
451 	 0.07789
452 	 0.07788
453 	 0.07788
454 	 0.07788
455 	 0.07786
456 	 0.07785
457 	 0.07786
458 	 0.07784
459 	 0.07786
460 	 0.07786
461 	 0.07785
462 	 0.07786
463 	 0.07787
464 	 0.07787
465 	 0.07790
466 	 0.07792
467 	 0.07791
468 	 0.07791
469 	 0.07792
470 	 0.07791
471 	 0.07791
472 	 0.07790
473 	 0.07789
474 	 0.07788
475 	 0.07789
476 	 0.07789
477 	 0.07787
478 	 0.07788
479 	 0.07790
480 	 0.07790
481 	 0.07788
482 	 0.07787
483 	 0.07787
484 	 0.07787
485 	 0.07786
486 	 0.07786
487 	 0.07787
488 	 0.07786
489 	 0.07787
490 	 0.07787
491 	 0.07784
492 	 0.07785
493 	 0.07785
494 	 0.07784
495 	 0.07783
496 	 0.07784
497 	 0.07783
498 	 0.07784
499 	 0.07785
500 	 0.07784
501 	 0.07784
502 	 0.07784
503 	 0.07786
504 	 0.07784
505 	 0.07783
506 	 0.07783
507 	 0.07782
508 	 0.07784
509 	 0.07783
510 	 0.07784
511 	 0.07782
512 	 0.07782
513 	 0.07783
514 	 0.07783
515 	 0.07782
516 	 0.07780
517 	 0.07780
518 	 0.07779
519 	 0.07778
520 	 0.07778
521 	 0.07780
522 	 0.07780
523 	 0.07779
524 	 0.07779
525 	 0.07780
526 	 0.07780
527 	 0.07782
528 	 0.07781
529 	 0.07781
530 	 0.07780
531 	 0.07782
532 	 0.07783
533 	 0.07783
534 	 0.07783
535 	 0.07783
536 	 0.07781
537 	 0.07782
538 	 0.07781
539 	 0.07781
540 	 0.07783
541 	 0.07783
542 	 0.07785
543 	 0.07784
544 	 0.07783
545 	 0.07783
546 	 0.07784
547 	 0.07784
548 	 0.07784
549 	 0.07783
550 	 0.07785
551 	 0.07785
552 	 0.07786
553 	 0.07786
554 	 0.07785
555 	 0.07785
556 	 0.07787
557 	 0.07787
558 	 0.07787
559 	 0.07789
560 	 0.07790
561 	 0.07790
562 	 0.07791
563 	 0.07791
564 	 0.07791
565 	 0.07791
566 	 0.07791
567 	 0.07791
568 	 0.07792
569 	 0.07792
570 	 0.07792
571 	 0.07794
572 	 0.07795
573 	 0.07795
574 	 0.07793
575 	 0.07794
576 	 0.07795
577 	 0.07794
578 	 0.07794
579 	 0.07792
580 	 0.07792
581 	 0.07792
582 	 0.07792
583 	 0.07790
584 	 0.07789
585 	 0.07790
586 	 0.07789
587 	 0.07790
588 	 0.07790
589 	 0.07789
590 	 0.07790
591 	 0.07790
592 	 0.07792
593 	 0.07793
594 	 0.07793
595 	 0.07790
596 	 0.07790
597 	 0.07791
598 	 0.07791
599 	 0.07792
600 	 0.07792
601 	 0.07794
602 	 0.07794
603 	 0.07794
604 	 0.07794
605 	 0.07794
606 	 0.07795
607 	 0.07796
608 	 0.07796
609 	 0.07795
610 	 0.07794
611 	 0.07795
612 	 0.07795
613 	 0.07795
614 	 0.07796
615 	 0.07795
616 	 0.07796
617 	 0.07796
618 	 0.07798
619 	 0.07797
620 	 0.07798
621 	 0.07798
622 	 0.07798
623 	 0.07798
624 	 0.07799
625 	 0.07799
626 	 0.07798
627 	 0.07799
628 	 0.07800
629 	 0.07801
630 	 0.07801
631 	 0.07800
632 	 0.07799
633 	 0.07801
634 	 0.07800
635 	 0.07799
636 	 0.07798
637 	 0.07799
638 	 0.07799
639 	 0.07798
640 	 0.07799
641 	 0.07798
642 	 0.07797
643 	 0.07796
644 	 0.07795
645 	 0.07795
646 	 0.07795
647 	 0.07795
648 	 0.07797
649 	 0.07795
650 	 0.07794
651 	 0.07794
652 	 0.07794
653 	 0.07794
654 	 0.07795
655 	 0.07794
656 	 0.07793
657 	 0.07792
658 	 0.07792
659 	 0.07791
660 	 0.07790
661 	 0.07790
662 	 0.07792
663 	 0.07794
664 	 0.07793
665 	 0.07792
666 	 0.07793
667 	 0.07793
668 	 0.07793
669 	 0.07792
670 	 0.07791
671 	 0.07791
672 	 0.07791
673 	 0.07790
674 	 0.07790
675 	 0.07791
676 	 0.07793
677 	 0.07792
678 	 0.07792
679 	 0.07792
680 	 0.07792
681 	 0.07791
682 	 0.07791
683 	 0.07790
684 	 0.07791
685 	 0.07790
686 	 0.07790
687 	 0.07791
688 	 0.07789
689 	 0.07789
690 	 0.07789
691 	 0.07790
692 	 0.07790
693 	 0.07789
694 	 0.07792
695 	 0.07791
696 	 0.07789
697 	 0.07787
698 	 0.07788
699 	 0.07788
700 	 0.07786
701 	 0.07788
702 	 0.07788
703 	 0.07788
704 	 0.07789
705 	 0.07790
706 	 0.07790
707 	 0.07788
708 	 0.07789
709 	 0.07788
710 	 0.07789
711 	 0.07790
712 	 0.07790
713 	 0.07790
714 	 0.07790
715 	 0.07789
716 	 0.07789
717 	 0.07788
718 	 0.07789
719 	 0.07789
720 	 0.07788
721 	 0.07785
722 	 0.07787
723 	 0.07787
724 	 0.07788
725 	 0.07787
726 	 0.07787
727 	 0.07788
728 	 0.07788
729 	 0.07787
730 	 0.07788
731 	 0.07787
732 	 0.07787
733 	 0.07788
734 	 0.07788
735 	 0.07790
736 	 0.07791
737 	 0.07792
738 	 0.07791
739 	 0.07792
740 	 0.07792
741 	 0.07792
742 	 0.07792
743 	 0.07791
744 	 0.07791
745 	 0.07791
746 	 0.07791
747 	 0.07793
748 	 0.07793
749 	 0.07793
750 	 0.07794
751 	 0.07794
752 	 0.07795
753 	 0.07794
754 	 0.07793
755 	 0.07791
756 	 0.07791
757 	 0.07792
758 	 0.07793
759 	 0.07794
760 	 0.07794
761 	 0.07794
762 	 0.07794
763 	 0.07793
764 	 0.07794
765 	 0.07795
766 	 0.07795
767 	 0.07796
768 	 0.07796
769 	 0.07797
770 	 0.07796
771 	 0.07796
772 	 0.07795
773 	 0.07795
774 	 0.07794
775 	 0.07795
776 	 0.07795
777 	 0.07793
778 	 0.07792
779 	 0.07792
780 	 0.07792
781 	 0.07793
782 	 0.07793
783 	 0.07794
784 	 0.07792
785 	 0.07792
786 	 0.07792
787 	 0.07793
788 	 0.07791
789 	 0.07790
790 	 0.07790
791 	 0.07791
792 	 0.07791
793 	 0.07792
794 	 0.07793
795 	 0.07792
796 	 0.07794
797 	 0.07793
798 	 0.07794
799 	 0.07794
800 	 0.07795
801 	 0.07796
802 	 0.07795
803 	 0.07795
804 	 0.07794
805 	 0.07794
806 	 0.07792
807 	 0.07792
808 	 0.07793
809 	 0.07792
810 	 0.07793
811 	 0.07792
812 	 0.07791
813 	 0.07790
814 	 0.07790
815 	 0.07790
816 	 0.07789
817 	 0.07789
818 	 0.07789
819 	 0.07788
820 	 0.07786
821 	 0.07786
822 	 0.07785
823 	 0.07783
824 	 0.07782
825 	 0.07782
826 	 0.07783
827 	 0.07783
828 	 0.07783
829 	 0.07783
830 	 0.07783
831 	 0.07783
832 	 0.07784
833 	 0.07785
834 	 0.07784
835 	 0.07784
836 	 0.07784
837 	 0.07784
838 	 0.07783
839 	 0.07783
840 	 0.07783
841 	 0.07782
842 	 0.07782
843 	 0.07782
844 	 0.07782
845 	 0.07783
846 	 0.07783
847 	 0.07785
848 	 0.07785
849 	 0.07784
850 	 0.07784
851 	 0.07784
852 	 0.07784
853 	 0.07785
854 	 0.07785
855 	 0.07785
856 	 0.07784
857 	 0.07784
858 	 0.07784
859 	 0.07783
860 	 0.07784
861 	 0.07785
862 	 0.07784
863 	 0.07785
864 	 0.07785
865 	 0.07785
866 	 0.07786
867 	 0.07788
868 	 0.07787
869 	 0.07786
870 	 0.07785
871 	 0.07786
872 	 0.07786
873 	 0.07787
874 	 0.07783
875 	 0.07783
876 	 0.07782
877 	 0.07782
878 	 0.07781
879 	 0.07780
880 	 0.07780
881 	 0.07779
882 	 0.07779
883 	 0.07778
884 	 0.07778
885 	 0.07779
886 	 0.07778
887 	 0.07777
888 	 0.07777
889 	 0.07776
890 	 0.07776
891 	 0.07778
892 	 0.07777
893 	 0.07776
894 	 0.07776
895 	 0.07776
896 	 0.07776
897 	 0.07775
898 	 0.07775
899 	 0.07777
900 	 0.07776
901 	 0.07776
902 	 0.07775
903 	 0.07774
904 	 0.07774
905 	 0.07774
906 	 0.07773
907 	 0.07775
908 	 0.07775
909 	 0.07775
910 	 0.07775
911 	 0.07776
912 	 0.07776
913 	 0.07775
914 	 0.07775
915 	 0.07775
916 	 0.07776
917 	 0.07775
918 	 0.07775
919 	 0.07775
920 	 0.07774
921 	 0.07774
922 	 0.07774
923 	 0.07773
924 	 0.07771
925 	 0.07770
926 	 0.07768
927 	 0.07768
928 	 0.07769
929 	 0.07769
930 	 0.07770
931 	 0.07770
932 	 0.07769
933 	 0.07770
934 	 0.07768
935 	 0.07769
936 	 0.07768
937 	 0.07770
938 	 0.07769
939 	 0.07768
940 	 0.07769
941 	 0.07768
942 	 0.07769
943 	 0.07769
944 	 0.07768
945 	 0.07768
946 	 0.07770
947 	 0.07769
948 	 0.07768
949 	 0.07770
950 	 0.07771
951 	 0.07772
952 	 0.07771
953 	 0.07771
954 	 0.07772
955 	 0.07773
956 	 0.07771
957 	 0.07773
958 	 0.07773
959 	 0.07773
960 	 0.07773
961 	 0.07774
962 	 0.07774
963 	 0.07773
964 	 0.07774
965 	 0.07773
966 	 0.07772
967 	 0.07772
968 	 0.07772
969 	 0.07771
970 	 0.07770
971 	 0.07769
972 	 0.07771
973 	 0.07772
974 	 0.07772
975 	 0.07773
976 	 0.07772
977 	 0.07772
978 	 0.07771
979 	 0.07772
980 	 0.07771
981 	 0.07771
982 	 0.07769
983 	 0.07768
984 	 0.07768
985 	 0.07769
986 	 0.07767
987 	 0.07765
988 	 0.07766
989 	 0.07765
990 	 0.07767
991 	 0.07767
992 	 0.07767
993 	 0.07769
994 	 0.07769
995 	 0.07769
996 	 0.07768
997 	 0.07766
998 	 0.07767
999 	 0.07766
1000 	 0.07766
1001 	 0.07766
1002 	 0.07766
1003 	 0.07767
1004 	 0.07765
1005 	 0.07766
1006 	 0.07765
1007 	 0.07766
1008 	 0.07765
1009 	 0.07765
1010 	 0.07765
1011 	 0.07764
1012 	 0.07764
1013 	 0.07765
1014 	 0.07765
1015 	 0.07765
1016 	 0.07765
1017 	 0.07765
1018 	 0.07765
1019 	 0.07766
1020 	 0.07766
1021 	 0.07766
1022 	 0.07765
1023 	 0.07766
1024 	 0.07766
1025 	 0.07765
1026 	 0.07764
1027 	 0.07765
1028 	 0.07765
1029 	 0.07765
1030 	 0.07764
1031 	 0.07765
1032 	 0.07763
1033 	 0.07762
1034 	 0.07763
1035 	 0.07763
1036 	 0.07763
1037 	 0.07762
1038 	 0.07762
1039 	 0.07761
1040 	 0.07761
1041 	 0.07762
1042 	 0.07761
1043 	 0.07761
1044 	 0.07762
1045 	 0.07762
1046 	 0.07762
1047 	 0.07762
1048 	 0.07762
1049 	 0.07762
1050 	 0.07762
1051 	 0.07762
1052 	 0.07762
1053 	 0.07760
1054 	 0.07760
1055 	 0.07761
1056 	 0.07760
1057 	 0.07760
1058 	 0.07761
1059 	 0.07760
1060 	 0.07761
1061 	 0.07759
1062 	 0.07758
1063 	 0.07757
1064 	 0.07758
1065 	 0.07758
1066 	 0.07759
1067 	 0.07759
1068 	 0.07757
1069 	 0.07756
1070 	 0.07756
1071 	 0.07756
1072 	 0.07755
1073 	 0.07754
1074 	 0.07755
1075 	 0.07756
1076 	 0.07757
1077 	 0.07757
1078 	 0.07757
1079 	 0.07757
1080 	 0.07758
1081 	 0.07759
1082 	 0.07758
1083 	 0.07758
1084 	 0.07759
1085 	 0.07759
1086 	 0.07760
1087 	 0.07761
1088 	 0.07760
1089 	 0.07760
1090 	 0.07760
1091 	 0.07759
1092 	 0.07759
1093 	 0.07758
1094 	 0.07758
1095 	 0.07758
1096 	 0.07758
1097 	 0.07757
1098 	 0.07756
1099 	 0.07757
1100 	 0.07759
1101 	 0.07759
1102 	 0.07758
1103 	 0.07757
1104 	 0.07758
1105 	 0.07757
1106 	 0.07758
1107 	 0.07758
1108 	 0.07757
1109 	 0.07755
1110 	 0.07754
1111 	 0.07754
1112 	 0.07753
1113 	 0.07755
1114 	 0.07755
1115 	 0.07756
1116 	 0.07757
1117 	 0.07757
1118 	 0.07756
1119 	 0.07756
1120 	 0.07756
1121 	 0.07756
1122 	 0.07757
1123 	 0.07756
1124 	 0.07757
1125 	 0.07758
1126 	 0.07758
1127 	 0.07758
1128 	 0.07757
1129 	 0.07758
1130 	 0.07758
1131 	 0.07757
1132 	 0.07757
1133 	 0.07758
1134 	 0.07758
1135 	 0.07757
1136 	 0.07757
1137 	 0.07758
1138 	 0.07758
1139 	 0.07758
1140 	 0.07758
1141 	 0.07759
1142 	 0.07759
1143 	 0.07759
1144 	 0.07759
1145 	 0.07759
1146 	 0.07758
1147 	 0.07757
1148 	 0.07757
1149 	 0.07755
1150 	 0.07754
1151 	 0.07753
1152 	 0.07753
1153 	 0.07753
1154 	 0.07754
1155 	 0.07754
1156 	 0.07753
1157 	 0.07753
1158 	 0.07752
1159 	 0.07751
1160 	 0.07753
1161 	 0.07752
1162 	 0.07753
1163 	 0.07752
1164 	 0.07751
1165 	 0.07751
1166 	 0.07752
1167 	 0.07753
1168 	 0.07752
1169 	 0.07753
1170 	 0.07753
1171 	 0.07753
1172 	 0.07752
1173 	 0.07753
1174 	 0.07753
1175 	 0.07753
1176 	 0.07755
1177 	 0.07754
1178 	 0.07755
1179 	 0.07755
1180 	 0.07753
1181 	 0.07755
1182 	 0.07756
1183 	 0.07756
1184 	 0.07755
1185 	 0.07756
1186 	 0.07756
1187 	 0.07756
1188 	 0.07756
1189 	 0.07757
1190 	 0.07757
1191 	 0.07758
1192 	 0.07758
1193 	 0.07759
1194 	 0.07758
1195 	 0.07758
1196 	 0.07758
1197 	 0.07758
1198 	 0.07758
1199 	 0.07758
1200 	 0.07757
1201 	 0.07757
1202 	 0.07757
1203 	 0.07757
1204 	 0.07756
1205 	 0.07757
1206 	 0.07758
1207 	 0.07756
1208 	 0.07755
1209 	 0.07756
1210 	 0.07755
1211 	 0.07754
1212 	 0.07755
1213 	 0.07754
1214 	 0.07754
1215 	 0.07754
1216 	 0.07754
1217 	 0.07755
1218 	 0.07756
1219 	 0.07756
1220 	 0.07755
1221 	 0.07756
1222 	 0.07757
1223 	 0.07757
1224 	 0.07756
1225 	 0.07757
1226 	 0.07757
1227 	 0.07757
1228 	 0.07757
1229 	 0.07756
1230 	 0.07756
1231 	 0.07755
1232 	 0.07757
1233 	 0.07758
1234 	 0.07758
1235 	 0.07759
1236 	 0.07758
1237 	 0.07758
1238 	 0.07758
1239 	 0.07758
1240 	 0.07758
1241 	 0.07758
1242 	 0.07759
1243 	 0.07759
1244 	 0.07759
1245 	 0.07760
1246 	 0.07759
1247 	 0.07759
1248 	 0.07760
1249 	 0.07760
1250 	 0.07761
1251 	 0.07761
1252 	 0.07760
1253 	 0.07759
1254 	 0.07759
1255 	 0.07759
1256 	 0.07761
1257 	 0.07759
1258 	 0.07760
1259 	 0.07760
1260 	 0.07762
1261 	 0.07760
1262 	 0.07762
1263 	 0.07761
1264 	 0.07760
1265 	 0.07760
1266 	 0.07761
1267 	 0.07759
1268 	 0.07760
1269 	 0.07760
1270 	 0.07761
1271 	 0.07761
1272 	 0.07759
1273 	 0.07759
1274 	 0.07759
1275 	 0.07759
1276 	 0.07759
1277 	 0.07759
1278 	 0.07760
1279 	 0.07760
1280 	 0.07760
1281 	 0.07760
1282 	 0.07759
1283 	 0.07758
1284 	 0.07759
1285 	 0.07759
1286 	 0.07759
1287 	 0.07760
1288 	 0.07760
1289 	 0.07759
1290 	 0.07759
1291 	 0.07758
1292 	 0.07758
1293 	 0.07758
1294 	 0.07758
1295 	 0.07758
1296 	 0.07757
1297 	 0.07757
1298 	 0.07757
1299 	 0.07757
1300 	 0.07755
1301 	 0.07755
1302 	 0.07756
1303 	 0.07755
1304 	 0.07755
1305 	 0.07755
1306 	 0.07754
1307 	 0.07754
1308 	 0.07754
1309 	 0.07754
1310 	 0.07754
1311 	 0.07754
1312 	 0.07753
1313 	 0.07752
1314 	 0.07752
1315 	 0.07753
1316 	 0.07752
1317 	 0.07752
1318 	 0.07752
1319 	 0.07752
1320 	 0.07753
1321 	 0.07753
1322 	 0.07753
1323 	 0.07753
1324 	 0.07751
1325 	 0.07752
1326 	 0.07753
1327 	 0.07753
1328 	 0.07752
1329 	 0.07751
1330 	 0.07750
1331 	 0.07749
1332 	 0.07749
1333 	 0.07749
1334 	 0.07748
1335 	 0.07749
1336 	 0.07749
1337 	 0.07749
1338 	 0.07748
1339 	 0.07748
1340 	 0.07749
1341 	 0.07748
1342 	 0.07748
1343 	 0.07748
1344 	 0.07748
1345 	 0.07747
1346 	 0.07747
1347 	 0.07747
1348 	 0.07746
1349 	 0.07745
1350 	 0.07746
1351 	 0.07745
1352 	 0.07746
1353 	 0.07747
1354 	 0.07747
1355 	 0.07747
1356 	 0.07747
1357 	 0.07746
1358 	 0.07746
1359 	 0.07746
1360 	 0.07746
1361 	 0.07746
1362 	 0.07747
1363 	 0.07748
1364 	 0.07747
1365 	 0.07748
1366 	 0.07747
1367 	 0.07747
1368 	 0.07746
1369 	 0.07745
1370 	 0.07744
1371 	 0.07743
1372 	 0.07743
1373 	 0.07743
1374 	 0.07744
1375 	 0.07744
1376 	 0.07743
1377 	 0.07744
1378 	 0.07744
1379 	 0.07744
1380 	 0.07743
1381 	 0.07745
1382 	 0.07744
1383 	 0.07745
1384 	 0.07745
1385 	 0.07743
1386 	 0.07742
1387 	 0.07742
1388 	 0.07742
1389 	 0.07740
1390 	 0.07739
1391 	 0.07738
1392 	 0.07739
1393 	 0.07739
1394 	 0.07739
1395 	 0.07740
1396 	 0.07741
1397 	 0.07741
1398 	 0.07741
1399 	 0.07741
1400 	 0.07740
1401 	 0.07739
1402 	 0.07740
1403 	 0.07740
1404 	 0.07740
1405 	 0.07739
1406 	 0.07740
1407 	 0.07740
1408 	 0.07739
1409 	 0.07739
1410 	 0.07739
1411 	 0.07739
1412 	 0.07739
1413 	 0.07738
1414 	 0.07739
1415 	 0.07739
1416 	 0.07740
1417 	 0.07740
1418 	 0.07740
1419 	 0.07739
1420 	 0.07739
1421 	 0.07739
1422 	 0.07739
1423 	 0.07740
1424 	 0.07738
1425 	 0.07739
1426 	 0.07738
1427 	 0.07739
1428 	 0.07738
1429 	 0.07737
1430 	 0.07737
1431 	 0.07738
1432 	 0.07738
1433 	 0.07737
1434 	 0.07738
1435 	 0.07738
1436 	 0.07737
1437 	 0.07738
1438 	 0.07738
1439 	 0.07738
1440 	 0.07737
1441 	 0.07737
1442 	 0.07737
1443 	 0.07737
1444 	 0.07738
1445 	 0.07738
1446 	 0.07737
1447 	 0.07738
1448 	 0.07737
1449 	 0.07738
1450 	 0.07738
1451 	 0.07739
1452 	 0.07739
1453 	 0.07739
1454 	 0.07740
1455 	 0.07740
1456 	 0.07740
1457 	 0.07740
1458 	 0.07741
1459 	 0.07741
1460 	 0.07742
1461 	 0.07743
1462 	 0.07742
1463 	 0.07743
1464 	 0.07742
1465 	 0.07742
1466 	 0.07742
1467 	 0.07742
1468 	 0.07742
1469 	 0.07741
1470 	 0.07742
1471 	 0.07742
1472 	 0.07742
1473 	 0.07742
1474 	 0.07742
1475 	 0.07741
1476 	 0.07740
1477 	 0.07739
1478 	 0.07738
1479 	 0.07738
1480 	 0.07738
1481 	 0.07737
1482 	 0.07738
1483 	 0.07738
1484 	 0.07738
1485 	 0.07738
1486 	 0.07738
1487 	 0.07737
1488 	 0.07737
1489 	 0.07736
1490 	 0.07736
1491 	 0.07734
1492 	 0.07735
1493 	 0.07735
1494 	 0.07735
1495 	 0.07734
1496 	 0.07735
1497 	 0.07734
1498 	 0.07733
1499 	 0.07734
1500 	 0.07733
1501 	 0.07732
1502 	 0.07733
1503 	 0.07734
1504 	 0.07734
1505 	 0.07734
1506 	 0.07735
1507 	 0.07735
1508 	 0.07734
1509 	 0.07735
1510 	 0.07736
1511 	 0.07736
1512 	 0.07735
1513 	 0.07736
1514 	 0.07735
1515 	 0.07735
1516 	 0.07735
1517 	 0.07736
1518 	 0.07737
1519 	 0.07738
1520 	 0.07737
1521 	 0.07736
1522 	 0.07736
1523 	 0.07737
1524 	 0.07736
1525 	 0.07736
1526 	 0.07736
1527 	 0.07737
1528 	 0.07737
1529 	 0.07737
1530 	 0.07737
1531 	 0.07738
1532 	 0.07738
1533 	 0.07739
1534 	 0.07739
1535 	 0.07739
1536 	 0.07740
1537 	 0.07740
1538 	 0.07740
1539 	 0.07741
1540 	 0.07741
1541 	 0.07740
1542 	 0.07741
1543 	 0.07741
1544 	 0.07740
1545 	 0.07740
1546 	 0.07740
1547 	 0.07740
1548 	 0.07739
1549 	 0.07739
1550 	 0.07739
1551 	 0.07739
1552 	 0.07739
1553 	 0.07739
1554 	 0.07738
1555 	 0.07738
1556 	 0.07737
1557 	 0.07737
1558 	 0.07737
1559 	 0.07736
1560 	 0.07736
1561 	 0.07736
1562 	 0.07736
1563 	 0.07736
1564 	 0.07736
1565 	 0.07737
1566 	 0.07737
1567 	 0.07737
1568 	 0.07738
1569 	 0.07737
1570 	 0.07738
1571 	 0.07738
1572 	 0.07739
1573 	 0.07738
1574 	 0.07739
1575 	 0.07738
1576 	 0.07738
1577 	 0.07739
1578 	 0.07739
1579 	 0.07738
1580 	 0.07737
1581 	 0.07738
1582 	 0.07739
1583 	 0.07739
1584 	 0.07738
1585 	 0.07738
1586 	 0.07739
1587 	 0.07740
1588 	 0.07739
1589 	 0.07740
1590 	 0.07739
1591 	 0.07739
1592 	 0.07739
1593 	 0.07738
1594 	 0.07737
1595 	 0.07737
1596 	 0.07737
1597 	 0.07738
1598 	 0.07737
1599 	 0.07738
1600 	 0.07737
1601 	 0.07737
1602 	 0.07737
1603 	 0.07737
1604 	 0.07737
1605 	 0.07737
1606 	 0.07737
1607 	 0.07736
1608 	 0.07736
1609 	 0.07737
1610 	 0.07736
1611 	 0.07735
1612 	 0.07736
1613 	 0.07736
1614 	 0.07735
1615 	 0.07736
1616 	 0.07736
1617 	 0.07736
1618 	 0.07736
1619 	 0.07736
1620 	 0.07736
1621 	 0.07736
1622 	 0.07736
1623 	 0.07735
1624 	 0.07735
1625 	 0.07735
1626 	 0.07735
1627 	 0.07735
1628 	 0.07735
1629 	 0.07735
1630 	 0.07735
1631 	 0.07735
1632 	 0.07733
1633 	 0.07734
1634 	 0.07734
1635 	 0.07734
1636 	 0.07734
1637 	 0.07733
1638 	 0.07734
1639 	 0.07733
1640 	 0.07733
1641 	 0.07734
1642 	 0.07734
1643 	 0.07735
1644 	 0.07734
1645 	 0.07734
1646 	 0.07734
1647 	 0.07735
1648 	 0.07734
1649 	 0.07734
1650 	 0.07733
1651 	 0.07733
1652 	 0.07733
1653 	 0.07733
1654 	 0.07733
1655 	 0.07733
1656 	 0.07734
1657 	 0.07734
1658 	 0.07734
1659 	 0.07735
1660 	 0.07735
1661 	 0.07735
1662 	 0.07736
1663 	 0.07736
1664 	 0.07735
1665 	 0.07736
1666 	 0.07735
1667 	 0.07734
1668 	 0.07734
1669 	 0.07735
1670 	 0.07734
1671 	 0.07734
1672 	 0.07735
1673 	 0.07734
1674 	 0.07734
1675 	 0.07733
1676 	 0.07733
1677 	 0.07733
1678 	 0.07734
1679 	 0.07734
1680 	 0.07735
1681 	 0.07735
1682 	 0.07735
1683 	 0.07735
1684 	 0.07735
1685 	 0.07735
1686 	 0.07735
1687 	 0.07735
1688 	 0.07735
1689 	 0.07737
1690 	 0.07736
1691 	 0.07736
1692 	 0.07737
1693 	 0.07737
1694 	 0.07738
1695 	 0.07739
1696 	 0.07739
1697 	 0.07739
1698 	 0.07740
1699 	 0.07740
1700 	 0.07739
1701 	 0.07739
1702 	 0.07740
1703 	 0.07739
1704 	 0.07740
1705 	 0.07740
1706 	 0.07740
1707 	 0.07742
1708 	 0.07742
1709 	 0.07742
1710 	 0.07741
1711 	 0.07741
1712 	 0.07742
1713 	 0.07743
1714 	 0.07743
1715 	 0.07744
1716 	 0.07744
1717 	 0.07744
1718 	 0.07743
1719 	 0.07744
1720 	 0.07744
1721 	 0.07743
1722 	 0.07743
1723 	 0.07743
1724 	 0.07743
1725 	 0.07742
1726 	 0.07742
1727 	 0.07742
1728 	 0.07742
1729 	 0.07743
1730 	 0.07744
1731 	 0.07744
1732 	 0.07744
1733 	 0.07745
1734 	 0.07745
1735 	 0.07745
1736 	 0.07745
1737 	 0.07746
1738 	 0.07747
1739 	 0.07747
1740 	 0.07747
1741 	 0.07746
1742 	 0.07746
1743 	 0.07746
1744 	 0.07746
1745 	 0.07745
1746 	 0.07746
1747 	 0.07747
1748 	 0.07747
1749 	 0.07747
1750 	 0.07747
1751 	 0.07747
1752 	 0.07747
1753 	 0.07747
1754 	 0.07746
1755 	 0.07746
1756 	 0.07746
1757 	 0.07746
1758 	 0.07746
1759 	 0.07744
1760 	 0.07744
1761 	 0.07745
1762 	 0.07746
1763 	 0.07746
1764 	 0.07748
1765 	 0.07746
1766 	 0.07746
1767 	 0.07747
1768 	 0.07748
1769 	 0.07747
1770 	 0.07747
1771 	 0.07748
1772 	 0.07748
1773 	 0.07749
1774 	 0.07749
1775 	 0.07749
1776 	 0.07748
1777 	 0.07749
1778 	 0.07749
1779 	 0.07749
1780 	 0.07750
1781 	 0.07751
1782 	 0.07750
1783 	 0.07750
1784 	 0.07750
1785 	 0.07751
1786 	 0.07750
1787 	 0.07750
1788 	 0.07750
1789 	 0.07750
1790 	 0.07750
1791 	 0.07750
1792 	 0.07750
1793 	 0.07749
1794 	 0.07749
1795 	 0.07749
1796 	 0.07749
1797 	 0.07749
1798 	 0.07748
1799 	 0.07749
1800 	 0.07749
1801 	 0.07749
1802 	 0.07749
1803 	 0.07749
1804 	 0.07749
1805 	 0.07748
1806 	 0.07749
1807 	 0.07749
1808 	 0.07749
1809 	 0.07748
1810 	 0.07748
1811 	 0.07748
1812 	 0.07748
1813 	 0.07748
1814 	 0.07748
1815 	 0.07749
1816 	 0.07749
1817 	 0.07749
1818 	 0.07749
1819 	 0.07748
1820 	 0.07749
1821 	 0.07748
1822 	 0.07748
1823 	 0.07748
1824 	 0.07748
1825 	 0.07748
1826 	 0.07749
1827 	 0.07748
1828 	 0.07748
1829 	 0.07748
1830 	 0.07747
1831 	 0.07747
1832 	 0.07747
1833 	 0.07748
1834 	 0.07748
1835 	 0.07747
1836 	 0.07747
1837 	 0.07748
1838 	 0.07749
1839 	 0.07749
1840 	 0.07749
1841 	 0.07750
1842 	 0.07750
1843 	 0.07749
1844 	 0.07749
1845 	 0.07749
1846 	 0.07749
1847 	 0.07749
1848 	 0.07749
1849 	 0.07750
1850 	 0.07749
1851 	 0.07750
1852 	 0.07750
1853 	 0.07750
1854 	 0.07750
1855 	 0.07749
1856 	 0.07748
1857 	 0.07748
1858 	 0.07749
1859 	 0.07749
1860 	 0.07749
1861 	 0.07749
1862 	 0.07748
1863 	 0.07748
1864 	 0.07748
1865 	 0.07748
1866 	 0.07747
1867 	 0.07748
1868 	 0.07749
1869 	 0.07749
1870 	 0.07750
1871 	 0.07751
1872 	 0.07750
1873 	 0.07751
1874 	 0.07750
1875 	 0.07750
1876 	 0.07751
1877 	 0.07750
1878 	 0.07750
1879 	 0.07750
1880 	 0.07750
1881 	 0.07750
1882 	 0.07750
1883 	 0.07749
1884 	 0.07749
1885 	 0.07750
1886 	 0.07751
1887 	 0.07751
1888 	 0.07751
1889 	 0.07751
1890 	 0.07751
1891 	 0.07751
1892 	 0.07751
1893 	 0.07752
1894 	 0.07752
1895 	 0.07751
1896 	 0.07752
1897 	 0.07752
1898 	 0.07752
1899 	 0.07752
1900 	 0.07751
1901 	 0.07752
1902 	 0.07752
1903 	 0.07752
1904 	 0.07752
1905 	 0.07752
1906 	 0.07753
1907 	 0.07753
1908 	 0.07752
1909 	 0.07752
1910 	 0.07752
1911 	 0.07753
1912 	 0.07752
1913 	 0.07751
1914 	 0.07751
1915 	 0.07751
1916 	 0.07752
1917 	 0.07751
1918 	 0.07752
1919 	 0.07751
1920 	 0.07750
1921 	 0.07750
1922 	 0.07749
1923 	 0.07750
1924 	 0.07751
1925 	 0.07751
1926 	 0.07750
1927 	 0.07751
1928 	 0.07752
1929 	 0.07752
1930 	 0.07752
1931 	 0.07752
1932 	 0.07751
1933 	 0.07751
1934 	 0.07751
1935 	 0.07751
1936 	 0.07750
1937 	 0.07750
1938 	 0.07751
1939 	 0.07750
1940 	 0.07751
1941 	 0.07751
1942 	 0.07751
1943 	 0.07751
1944 	 0.07750
1945 	 0.07750
1946 	 0.07750
1947 	 0.07748
1948 	 0.07748
1949 	 0.07749
1950 	 0.07749
1951 	 0.07748
1952 	 0.07749
1953 	 0.07749
1954 	 0.07748
1955 	 0.07747
1956 	 0.07747
1957 	 0.07747
1958 	 0.07746
1959 	 0.07746
1960 	 0.07746
1961 	 0.07745
1962 	 0.07746
1963 	 0.07746
1964 	 0.07746
1965 	 0.07746
1966 	 0.07746
1967 	 0.07747
1968 	 0.07746
1969 	 0.07747
1970 	 0.07746
1971 	 0.07746
1972 	 0.07746
1973 	 0.07746
1974 	 0.07746
1975 	 0.07746
1976 	 0.07747
1977 	 0.07747
1978 	 0.07748
1979 	 0.07747
1980 	 0.07747
1981 	 0.07748
1982 	 0.07749
1983 	 0.07750
1984 	 0.07750
1985 	 0.07749
1986 	 0.07749
1987 	 0.07749
1988 	 0.07749
1989 	 0.07751
1990 	 0.07751
1991 	 0.07751
1992 	 0.07751
1993 	 0.07752
1994 	 0.07751
1995 	 0.07752
1996 	 0.07752
1997 	 0.07752
1998 	 0.07751
1999 	 0.07752
