0.00 10.00 0 100.00
0.10 10.00 0.01 100.03
0.20 10.00 0.02 100.06
0.30 9.99 0.03 100.09
0.40 9.98 0.04 100.12
0.50 9.97 0.05 100.15
0.60 9.96 0.06 100.18
0.70 9.94 0.07 100.21
0.80 9.92 0.08 100.24
0.90 9.89 0.09 100.27
1.00 9.87 0.10 100.30
1.10 9.84 0.11 100.33
1.19 9.80 0.12 100.36
1.29 9.77 0.13 100.39
1.39 9.73 0.14 100.42
1.49 9.69 0.15 100.45
1.58 9.64 0.16 100.48
1.68 9.59 0.17 100.51
1.78 9.54 0.18 100.54
1.87 9.49 0.19 100.57
1.97 9.43 0.20 100.60
2.06 9.38 0.21 100.63
2.15 9.31 0.22 100.66
2.25 9.25 0.23 100.69
2.34 9.18 0.24 100.72
2.43 9.11 0.25 100.75
2.52 9.04 0.26 100.78
2.61 8.96 0.27 100.81
2.70 8.88 0.28 100.84
2.79 8.80 0.29 100.87
2.88 8.72 0.30 100.90
2.97 8.63 0.31 100.93
3.05 8.54 0.32 100.96
3.14 8.45 0.33 100.99
3.22 8.36 0.34 101.03
3.31 8.26 0.35 101.06
3.39 8.16 0.36 101.09
3.47 8.06 0.37 101.12
3.55 7.96 0.38 101.15
3.63 7.85 0.39 101.18
3.71 7.74 0.40 101.21
3.79 7.63 0.41 101.24
3.86 7.52 0.42 101.27
3.94 7.40 0.43 101.30
4.01 7.28 0.44 101.33
4.09 7.16 0.45 101.36
4.16 7.04 0.46 101.39
4.23 6.91 0.47 101.42
4.30 6.79 0.48 101.45
4.36 6.66 0.49 101.48
4.43 6.53 0.50 101.51
4.50 6.40 0.51 101.54
4.56 6.26 0.52 101.57
4.62 6.12 0.53 101.60
4.68 5.98 0.54 101.63
4.74 5.84 0.55 101.66
4.80 5.70 0.56 101.69
4.86 5.56 0.57 101.72
4.91 5.41 0.58 101.75
4.97 5.26 0.59 101.79
5.02 5.12 0.60 101.82
5.07 4.96 0.61 101.85
5.12 4.81 0.62 101.88
5.17 4.66 0.63 101.91
5.22 4.50 0.64 101.94
5.26 4.35 0.65 101.97
5.31 4.19 0.66 102.00
5.35 4.03 0.67 102.03
5.39 3.87 0.68 102.06
5.43 3.71 0.69 102.09
5.46 3.55 0.70 102.12
5.50 3.38 0.71 102.15
5.53 3.22 0.72 102.18
5.56 3.05 0.73 102.21
5.60 2.88 0.74 102.24
5.62 2.72 0.75 102.28
5.65 2.55 0.76 102.31
5.68 2.38 0.77 102.34
5.70 2.21 0.78 102.37
5.72 2.04 0.79 102.40
5.74 1.86 0.80 102.43
5.76 1.69 0.81 102.46
5.78 1.52 0.82 102.49
5.79 1.35 0.83 102.52
5.81 1.17 0.84 102.55
5.82 1.00 0.85 102.58
5.83 0.82 0.86 102.61
5.84 0.65 0.87 102.64
5.84 0.47 0.88 102.67
5.85 0.30 0.89 102.71
5.85 0.12 0.90 102.74
5.85 -0.05 0.91 102.77
5.85 -0.23 0.92 102.80
5.85 -0.40 0.93 102.83
5.85 -0.58 0.94 102.86
5.84 -0.75 0.95 102.89
5.83 -0.93 0.96 102.92
5.82 -1.11 0.97 102.95
5.81 -1.28 0.98 102.98
5.80 -1.45 0.99 103.01
5.78 -1.63 1.00 103.04
5.77 -1.80 1.01 103.08
5.75 -1.97 1.02 103.11
5.73 -2.15 1.03 103.14
5.71 -2.32 1.04 103.17
5.69 -2.49 1.05 103.20
5.66 -2.66 1.06 103.23
5.63 -2.83 1.07 103.26
5.61 -3.00 1.08 103.29
5.58 -3.17 1.09 103.32
5.54 -3.34 1.10 103.35
5.51 -3.50 1.11 103.39
5.48 -3.67 1.12 103.42
5.44 -3.83 1.13 103.45
5.40 -3.99 1.14 103.48
5.36 -4.16 1.15 103.51
5.32 -4.32 1.16 103.54
5.28 -4.48 1.17 103.57
5.23 -4.64 1.18 103.60
5.19 -4.79 1.19 103.63
5.14 -4.95 1.20 103.67
5.09 -5.10 1.21 103.70
5.04 -5.25 1.22 103.73
4.98 -5.41 1.23 103.76
4.93 -5.56 1.24 103.79
4.87 -5.70 1.25 103.82
4.82 -5.85 1.26 103.85
4.76 -5.99 1.27 103.88
4.70 -6.14 1.28 103.91
4.64 -6.28 1.29 103.95
4.58 -6.42 1.30 103.98
4.51 -6.55 1.31 104.01
4.45 -6.69 1.32 104.04
4.38 -6.82 1.33 104.07
4.31 -6.95 1.34 104.10
4.24 -7.08 1.35 104.13
4.17 -7.21 1.36 104.16
4.10 -7.34 1.37 104.19
4.02 -7.46 1.38 104.23
3.95 -7.58 1.39 104.26
3.87 -7.70 1.40 104.29
3.80 -7.81 1.41 104.32
3.72 -7.93 1.42 104.35
3.64 -8.04 1.43 104.38
3.56 -8.15 1.44 104.41
3.48 -8.26 1.45 104.45
3.40 -8.36 1.46 104.48
3.31 -8.46 1.47 104.51
3.23 -8.56 1.48 104.54
3.14 -8.66 1.49 104.57
3.06 -8.75 1.50 104.60
2.97 -8.84 1.51 104.63
2.88 -8.93 1.52 104.66
2.79 -9.02 1.53 104.70
2.70 -9.10 1.54 104.73
2.61 -9.18 1.55 104.76
2.52 -9.26 1.56 104.79
2.42 -9.34 1.57 104.82
2.33 -9.41 1.58 104.85
2.24 -9.48 1.59 104.88
2.14 -9.55 1.60 104.92
2.05 -9.61 1.61 104.95
1.95 -9.67 1.62 104.98
1.85 -9.73 1.63 105.01
1.76 -9.79 1.64 105.04
1.66 -9.84 1.65 105.07
1.56 -9.89 1.66 105.11
1.46 -9.94 1.67 105.14
1.36 -9.98 1.68 105.17
1.26 -10.02 1.69 105.20
1.16 -10.06 1.70 105.23
1.06 -10.09 1.71 105.26
0.96 -10.13 1.72 105.29
0.86 -10.15 1.73 105.33
0.76 -10.18 1.74 105.36
0.66 -10.20 1.75 105.39
0.55 -10.22 1.76 105.42
0.45 -10.24 1.77 105.45
0.35 -10.25 1.78 105.48
0.25 -10.26 1.79 105.52
0.14 -10.27 1.80 105.55
0.04 -10.27 1.81 105.58
-0.06 -10.28 1.82 105.61
-0.16 -10.27 1.83 105.64
-0.27 -10.27 1.84 105.67
-0.37 -10.26 1.85 105.71
-0.47 -10.25 1.86 105.74
-0.58 -10.24 1.87 105.77
-0.68 -10.22 1.88 105.80
-0.78 -10.20 1.89 105.83
-0.88 -10.18 1.90 105.86
-0.98 -10.15 1.91 105.90
-1.08 -10.12 1.92 105.93
-1.19 -10.09 1.93 105.96
-1.29 -10.05 1.94 105.99
-1.39 -10.01 1.95 106.02
-1.49 -9.97 1.96 106.06
-1.59 -9.93 1.97 106.09
-1.69 -9.88 1.98 106.12
-1.79 -9.83 1.99 106.15
-1.88 -9.77 2.00 106.18
-1.98 -9.72 2.01 106.21
-2.08 -9.66 2.02 106.25
-2.18 -9.60 2.03 106.28
-2.27 -9.53 2.04 106.31
-2.37 -9.46 2.05 106.34
-2.46 -9.39 2.06 106.37
-2.55 -9.32 2.07 106.41
-2.65 -9.24 2.08 106.44
-2.74 -9.16 2.09 106.47
-2.83 -9.08 2.10 106.50
-2.92 -8.99 2.11 106.53
-3.01 -8.91 2.12 106.57
-3.10 -8.82 2.13 106.60
-3.19 -8.72 2.14 106.63
-3.28 -8.63 2.15 106.66
-3.36 -8.53 2.16 106.69
-3.45 -8.43 2.17 106.73
-3.53 -8.33 2.18 106.76
-3.62 -8.22 2.19 106.79
-3.70 -8.11 2.20 106.82
-3.78 -8.00 2.21 106.85
-3.86 -7.89 2.22 106.89
-3.94 -7.77 2.23 106.92
-4.02 -7.65 2.24 106.95
-4.09 -7.53 2.25 106.98
-4.17 -7.41 2.26 107.01
-4.24 -7.28 2.27 107.05
-4.32 -7.16 2.28 107.08
-4.39 -7.03 2.29 107.11
-4.46 -6.90 2.30 107.14
-4.53 -6.76 2.31 107.17
-4.59 -6.63 2.32 107.21
-4.66 -6.49 2.33 107.24
-4.72 -6.35 2.34 107.27
-4.79 -6.21 2.35 107.30
-4.85 -6.06 2.36 107.34
-4.91 -5.92 2.37 107.37
-4.97 -5.77 2.38 107.40
-5.03 -5.62 2.39 107.43
-5.08 -5.47 2.40 107.46
-5.14 -5.32 2.41 107.50
-5.19 -5.16 2.42 107.53
-5.24 -5.01 2.43 107.56
-5.29 -4.85 2.44 107.59
-5.34 -4.69 2.45 107.63
-5.39 -4.53 2.46 107.66
-5.43 -4.37 2.47 107.69
-5.48 -4.21 2.48 107.72
-5.52 -4.04 2.49 107.75
-5.56 -3.88 2.50 107.79
-5.60 -3.71 2.51 107.82
-5.64 -3.54 2.52 107.85
-5.67 -3.37 2.53 107.88
-5.71 -3.20 2.54 107.92
-5.74 -3.03 2.55 107.95
-5.77 -2.86 2.56 107.98
-5.80 -2.69 2.57 108.01
-5.82 -2.51 2.58 108.05
-5.85 -2.34 2.59 108.08
-5.87 -2.16 2.60 108.11
-5.89 -1.99 2.61 108.14
-5.91 -1.81 2.62 108.18
-5.93 -1.63 2.63 108.21
-5.95 -1.45 2.64 108.24
-5.96 -1.28 2.65 108.27
-5.98 -1.10 2.66 108.31
-5.99 -0.92 2.67 108.34
-6.00 -0.74 2.68 108.37
-6.00 -0.56 2.69 108.40
-6.01 -0.38 2.70 108.44
-6.01 -0.20 2.71 108.47
-6.01 -0.02 2.72 108.50
-6.01 0.16 2.73 108.53
-6.01 0.34 2.74 108.57
-6.01 0.52 2.75 108.60
-6.00 0.70 2.76 108.63
-6.00 0.88 2.77 108.66
-5.99 1.06 2.78 108.70
-5.98 1.24 2.79 108.73
-5.96 1.42 2.80 108.76
-5.95 1.60 2.81 108.79
-5.93 1.78 2.82 108.83
-5.92 1.96 2.83 108.86
-5.90 2.14 2.84 108.89
-5.88 2.31 2.85 108.92
-5.85 2.49 2.86 108.96
-5.83 2.66 2.87 108.99
-5.80 2.84 2.88 109.02
-5.77 3.01 2.89 109.06
-5.74 3.19 2.90 109.09
-5.71 3.36 2.91 109.12
-5.68 3.53 2.92 109.15
-5.64 3.70 2.93 109.19
-5.60 3.87 2.94 109.22
-5.57 4.04 2.95 109.25
-5.53 4.21 2.96 109.28
-5.48 4.37 2.97 109.32
-5.44 4.54 2.98 109.35
-5.39 4.70 2.99 109.38
-5.35 4.86 3.00 109.42
-5.30 5.02 3.01 109.45
-5.25 5.18 3.02 109.48
-5.20 5.34 3.03 109.51
-5.14 5.49 3.04 109.55
-5.09 5.65 3.05 109.58
-5.03 5.80 3.06 109.61
-4.97 5.95 3.07 109.65
-4.91 6.10 3.08 109.68
-4.85 6.25 3.09 109.71
-4.79 6.39 3.10 109.74
-4.73 6.54 3.11 109.78
-4.66 6.68 3.12 109.81
-4.60 6.82 3.13 109.84
-4.53 6.96 3.14 109.88
-4.46 7.09 3.15 109.91
-4.39 7.23 3.16 109.94
-4.31 7.36 3.17 109.98
-4.24 7.49 3.18 110.01
-4.17 7.61 3.19 110.04
-4.09 7.74 3.20 110.07
-4.01 7.86 3.21 110.11
-3.93 7.98 3.22 110.14
-3.85 8.10 3.23 110.17
-3.77 8.22 3.24 110.21
-3.69 8.33 3.25 110.24
-3.61 8.44 3.26 110.27
-3.52 8.55 3.27 110.31
-3.44 8.65 3.28 110.34
-3.35 8.76 3.29 110.37
-3.26 8.86 3.30 110.40
-3.17 8.96 3.31 110.44
-3.09 9.05 3.32 110.47
-2.99 9.14 3.33 110.50
-2.90 9.23 3.34 110.54
-2.81 9.32 3.35 110.57
-2.72 9.40 3.36 110.60
-2.62 9.49 3.37 110.64
-2.53 9.56 3.38 110.67
-2.43 9.64 3.39 110.70
-2.34 9.71 3.40 110.74
-2.24 9.78 3.41 110.77
-2.14 9.85 3.42 110.80
-2.04 9.92 3.43 110.84
-1.94 9.98 3.44 110.87
-1.84 10.03 3.45 110.90
-1.74 10.09 3.46 110.94
-1.64 10.14 3.47 110.97
-1.54 10.19 3.48 111.00
-1.44 10.24 3.49 111.04
-1.34 10.28 3.50 111.07
-1.23 10.32 3.51 111.10
-1.13 10.36 3.52 111.14
-1.03 10.39 3.53 111.17
-0.92 10.42 3.54 111.20
-0.82 10.45 3.55 111.24
-0.72 10.48 3.56 111.27
-0.61 10.50 3.57 111.30
-0.51 10.52 3.58 111.34
-0.40 10.53 3.59 111.37
-0.29 10.54 3.60 111.40
-0.19 10.55 3.61 111.44
-0.08 10.56 3.62 111.47
0.02 10.56 3.63 111.50
0.13 10.56 3.64 111.54
0.23 10.55 3.65 111.57
0.34 10.55 3.66 111.60
0.44 10.54 3.67 111.64
0.55 10.52 3.68 111.67
0.65 10.51 3.69 111.70
0.76 10.49 3.70 111.74
0.86 10.47 3.71 111.77
0.97 10.44 3.72 111.80
1.07 10.41 3.73 111.84
1.18 10.38 3.74 111.87
1.28 10.34 3.75 111.91
1.38 10.30 3.76 111.94
1.49 10.26 3.77 111.97
1.59 10.22 3.78 112.01
1.69 10.17 3.79 112.04
1.79 10.12 3.80 112.07
1.90 10.07 3.81 112.11
2.00 10.01 3.82 112.14
2.10 9.95 3.83 112.17
2.20 9.89 3.84 112.21
2.29 9.82 3.85 112.24
2.39 9.75 3.86 112.28
2.49 9.68 3.87 112.31
2.59 9.61 3.88 112.34
2.68 9.53 3.89 112.38
2.78 9.45 3.90 112.41
2.87 9.36 3.91 112.44
2.97 9.28 3.92 112.48
3.06 9.19 3.93 112.51
3.15 9.10 3.94 112.54
3.24 9.00 3.95 112.58
3.33 8.91 3.96 112.61
3.42 8.81 3.97 112.65
3.51 8.70 3.98 112.68
3.60 8.60 3.99 112.71
3.68 8.49 4.00 112.75
3.77 8.38 4.01 112.78
3.85 8.27 4.02 112.82
3.93 8.15 4.03 112.85
4.02 8.03 4.04 112.88
4.10 7.91 4.05 112.92
4.17 7.79 4.06 112.95
4.25 7.66 4.07 112.98
4.33 7.54 4.08 113.02
4.40 7.41 4.09 113.05
4.48 7.27 4.10 113.09
4.55 7.14 4.11 113.12
4.62 7.00 4.12 113.15
4.69 6.86 4.13 113.19
4.76 6.72 4.14 113.22
4.83 6.58 4.15 113.26
4.89 6.44 4.16 113.29
4.96 6.29 4.17 113.32
5.02 6.14 4.18 113.36
5.08 5.99 4.19 113.39
5.14 5.84 4.20 113.43
5.20 5.68 4.21 113.46
5.26 5.53 4.22 113.49
5.31 5.37 4.23 113.53
5.37 5.21 4.24 113.56
5.42 5.05 4.25 113.60
5.47 4.89 4.26 113.63
5.52 4.72 4.27 113.66
5.57 4.56 4.28 113.70
5.61 4.39 4.29 113.73
5.66 4.22 4.30 113.77
5.70 4.05 4.31 113.80
5.74 3.88 4.32 113.84
5.78 3.71 4.33 113.87
5.81 3.54 4.34 113.90
5.85 3.36 4.35 113.94
5.88 3.19 4.36 113.97
5.91 3.01 4.37 114.01
5.94 2.83 4.38 114.04
5.97 2.65 4.39 114.07
6.00 2.47 4.40 114.11
6.02 2.29 4.41 114.14
6.05 2.11 4.42 114.18
6.07 1.93 4.43 114.21
6.09 1.75 4.44 114.25
6.11 1.57 4.45 114.28
6.12 1.38 4.46 114.31
6.13 1.20 4.47 114.35
6.15 1.02 4.48 114.38
6.16 0.83 4.49 114.42
6.17 0.65 4.50 114.45
6.17 0.46 4.51 114.49
6.18 0.28 4.52 114.52
6.18 0.09 4.53 114.55
6.18 -0.09 4.54 114.59
6.18 -0.28 4.55 114.62
6.18 -0.46 4.56 114.66
6.17 -0.65 4.57 114.69
6.17 -0.83 4.58 114.73
6.16 -1.02 4.59 114.76
6.15 -1.20 4.60 114.80
6.13 -1.39 4.61 114.83
6.12 -1.57 4.62 114.86
6.11 -1.76 4.63 114.90
6.09 -1.94 4.64 114.93
6.07 -2.12 4.65 114.97
6.05 -2.30 4.66 115.00
6.02 -2.49 4.67 115.04
6.00 -2.67 4.68 115.07
5.97 -2.85 4.69 115.11
5.94 -3.03 4.70 115.14
5.91 -3.20 4.71 115.17
5.88 -3.38 4.72 115.21
5.85 -3.56 4.73 115.24
5.81 -3.73 4.74 115.28
5.77 -3.91 4.75 115.31
5.74 -4.08 4.76 115.35
5.69 -4.25 4.77 115.38
5.65 -4.42 4.78 115.42
5.61 -4.59 4.79 115.45
5.56 -4.76 4.80 115.49
5.51 -4.93 4.81 115.52
5.47 -5.09 4.82 115.56
5.41 -5.26 4.83 115.59
5.36 -5.42 4.84 115.62
5.31 -5.58 4.85 115.66
5.25 -5.74 4.86 115.69
5.19 -5.90 4.87 115.73
5.14 -6.05 4.88 115.76
5.07 -6.21 4.89 115.80
5.01 -6.36 4.90 115.83
4.95 -6.51 4.91 115.87
4.88 -6.66 4.92 115.90
4.82 -6.81 4.93 115.94
4.75 -6.95 4.94 115.97
4.68 -7.09 4.95 116.01
4.61 -7.23 4.96 116.04
4.54 -7.37 4.97 116.08
4.46 -7.51 4.98 116.11
4.39 -7.64 4.99 116.15
4.31 -7.77 5.00 116.18
4.23 -7.90 5.01 116.22
4.15 -8.03 5.02 116.25
4.07 -8.15 5.03 116.29
3.99 -8.28 5.04 116.32
3.91 -8.40 5.05 116.36
3.83 -8.51 5.06 116.39
3.74 -8.63 5.07 116.43
3.65 -8.74 5.08 116.46
3.57 -8.85 5.09 116.49
3.48 -8.96 5.10 116.53
3.39 -9.06 5.11 116.56
3.30 -9.16 5.12 116.60
3.21 -9.26 5.13 116.63
3.11 -9.36 5.14 116.67
3.02 -9.45 5.15 116.70
2.93 -9.54 5.16 116.74
2.83 -9.63 5.17 116.77
2.73 -9.71 5.18 116.81
2.64 -9.80 5.19 116.84
2.54 -9.88 5.20 116.88
2.44 -9.95 5.21 116.91
2.34 -10.03 5.22 116.95
2.24 -10.10 5.23 116.99
2.14 -10.16 5.24 117.02
2.04 -10.23 5.25 117.06
1.94 -10.29 5.26 117.09
1.83 -10.35 5.27 117.13
1.73 -10.40 5.28 117.16
1.63 -10.45 5.29 117.20
1.52 -10.50 5.30 117.23
1.42 -10.55 5.31 117.27
1.31 -10.59 5.32 117.30
1.20 -10.63 5.33 117.34
1.10 -10.67 5.34 117.37
0.99 -10.70 5.35 117.41
0.88 -10.73 5.36 117.44
0.78 -10.75 5.37 117.48
0.67 -10.78 5.38 117.51
0.56 -10.80 5.39 117.55
0.45 -10.81 5.40 117.58
0.35 -10.83 5.41 117.62
0.24 -10.84 5.42 117.65
0.13 -10.85 5.43 117.69
0.02 -10.85 5.44 117.72
-0.09 -10.85 5.45 117.76
-0.20 -10.85 5.46 117.79
-0.30 -10.84 5.47 117.83
-0.41 -10.83 5.48 117.87
-0.52 -10.82 5.49 117.90
-0.63 -10.81 5.50 117.94
-0.74 -10.79 5.51 117.97
-0.85 -10.76 5.52 118.01
-0.95 -10.74 5.53 118.04
-1.06 -10.71 5.54 118.08
-1.17 -10.68 5.55 118.11
-1.27 -10.64 5.56 118.15
-1.38 -10.60 5.57 118.18
-1.49 -10.56 5.58 118.22
-1.59 -10.52 5.59 118.26
-1.70 -10.47 5.60 118.29
-1.80 -10.42 5.61 118.33
-1.91 -10.37 5.62 118.36
-2.01 -10.31 5.63 118.40
-2.11 -10.25 5.64 118.43
-2.22 -10.19 5.65 118.47
-2.32 -10.12 5.66 118.50
-2.42 -10.05 5.67 118.54
-2.52 -9.98 5.68 118.57
-2.62 -9.90 5.69 118.61
-2.72 -9.82 5.70 118.65
-2.82 -9.74 5.71 118.68
-2.91 -9.66 5.72 118.72
-3.01 -9.57 5.73 118.75
-3.11 -9.48 5.74 118.79
-3.20 -9.39 5.75 118.82
-3.29 -9.29 5.76 118.86
-3.39 -9.19 5.77 118.90
-3.48 -9.09 5.78 118.93
-3.57 -8.98 5.79 118.97
-3.66 -8.88 5.80 119.00
-3.75 -8.77 5.81 119.04
-3.84 -8.66 5.82 119.07
-3.92 -8.54 5.83 119.11
-4.01 -8.42 5.84 119.15
-4.09 -8.30 5.85 119.18
-4.18 -8.18 5.86 119.22
-4.26 -8.05 5.87 119.25
-4.34 -7.93 5.88 119.29
-4.42 -7.80 5.89 119.32
-4.50 -7.66 5.90 119.36
-4.57 -7.53 5.91 119.40
-4.65 -7.39 5.92 119.43
-4.72 -7.25 5.93 119.47
-4.79 -7.11 5.94 119.50
-4.86 -6.97 5.95 119.54
-4.93 -6.82 5.96 119.57
-5.00 -6.67 5.97 119.61
-5.07 -6.52 5.98 119.65
-5.13 -6.37 5.99 119.68
-5.20 -6.22 6.00 119.72
-5.26 -6.06 6.01 119.75
-5.32 -5.90 6.02 119.79
-5.38 -5.74 6.03 119.83
-5.44 -5.58 6.04 119.86
-5.49 -5.42 6.05 119.90
-5.55 -5.25 6.06 119.93
-5.60 -5.09 6.07 119.97
-5.65 -4.92 6.08 120.01
-5.70 -4.75 6.09 120.04
-5.75 -4.58 6.10 120.08
-5.79 -4.41 6.11 120.11
-5.84 -4.23 6.12 120.15
-5.88 -4.06 6.13 120.19
-5.92 -3.88 6.14 120.22
-5.96 -3.70 6.15 120.26
-6.00 -3.53 6.16 120.29
-6.03 -3.35 6.17 120.33
-6.07 -3.16 6.18 120.37
-6.10 -2.98 6.19 120.40
-6.13 -2.80 6.20 120.44
-6.15 -2.62 6.21 120.47
-6.18 -2.43 6.22 120.51
-6.20 -2.25 6.23 120.55
-6.23 -2.06 6.24 120.58
-6.25 -1.87 6.25 120.62
-6.27 -1.69 6.26 120.66
-6.28 -1.50 6.27 120.69
-6.30 -1.31 6.28 120.73
-6.31 -1.12 6.29 120.76
-6.32 -0.93 6.30 120.80
-6.33 -0.74 6.31 120.84
-6.34 -0.55 6.32 120.87
-6.35 -0.36 6.33 120.91
-6.35 -0.17 6.34 120.95
-6.35 0.02 6.35 120.98
-6.35 0.21 6.36 121.02
-6.35 0.40 6.37 121.05
-6.34 0.59 6.38 121.09
-6.34 0.78 6.39 121.13
-6.33 0.97 6.40 121.16
-6.32 1.16 6.41 121.20
-6.31 1.35 6.42 121.24
-6.30 1.54 6.43 121.27
-6.28 1.73 6.44 121.31
-6.26 1.92 6.45 121.35
-6.24 2.11 6.46 121.38
-6.22 2.29 6.47 121.42
-6.20 2.48 6.48 121.45
-6.17 2.67 6.49 121.49
-6.15 2.85 6.50 121.53
-6.12 3.04 6.51 121.56
-6.09 3.22 6.52 121.60
-6.06 3.40 6.53 121.64
-6.02 3.58 6.54 121.67
-5.99 3.76 6.55 121.71
-5.95 3.94 6.56 121.75
-5.91 4.12 6.57 121.78
-5.87 4.30 6.58 121.82
-5.83 4.48 6.59 121.86
-5.78 4.65 6.60 121.89
-5.73 4.82 6.61 121.93
-5.69 5.00 6.62 121.97
-5.64 5.17 6.63 122.00
-5.58 5.34 6.64 122.04
-5.53 5.50 6.65 122.08
-5.48 5.67 6.66 122.11
-5.42 5.83 6.67 122.15
-5.36 6.00 6.68 122.19
-5.30 6.16 6.69 122.22
-5.24 6.32 6.70 122.26
-5.18 6.47 6.71 122.30
-5.11 6.63 6.72 122.33
-5.05 6.78 6.73 122.37
-4.98 6.93 6.74 122.41
-4.91 7.08 6.75 122.44
-4.84 7.23 6.76 122.48
-4.77 7.38 6.77 122.52
-4.69 7.52 6.78 122.55
-4.62 7.66 6.79 122.59
-4.54 7.80 6.80 122.63
-4.46 7.93 6.81 122.66
-4.38 8.07 6.82 122.70
-4.30 8.20 6.83 122.74
-4.22 8.33 6.84 122.77
-4.14 8.45 6.85 122.81
-4.05 8.58 6.86 122.85
-3.97 8.70 6.87 122.88
-3.88 8.82 6.88 122.92
-3.79 8.94 6.89 122.96
-3.70 9.05 6.90 122.99
-3.61 9.16 6.91 123.03
-3.52 9.27 6.92 123.07
-3.43 9.37 6.93 123.11
-3.33 9.48 6.94 123.14
-3.24 9.58 6.95 123.18
-3.14 9.67 6.96 123.22
-3.05 9.77 6.97 123.25
-2.95 9.86 6.98 123.29
-2.85 9.95 6.99 123.33
-2.75 10.03 7.00 123.36
-2.65 10.12 7.01 123.40
-2.55 10.20 7.02 123.44
-2.45 10.27 7.03 123.47
-2.34 10.35 7.04 123.51
-2.24 10.42 7.05 123.55
-2.14 10.48 7.06 123.59
-2.03 10.55 7.07 123.62
-1.93 10.61 7.08 123.66
-1.82 10.67 7.09 123.70
-1.71 10.72 7.10 123.73
-1.61 10.77 7.11 123.77
-1.50 10.82 7.12 123.81
-1.39 10.87 7.13 123.85
-1.28 10.91 7.14 123.88
-1.17 10.95 7.15 123.92
-1.06 10.98 7.16 123.96
-0.95 11.01 7.17 123.99
-0.84 11.04 7.18 124.03
-0.73 11.07 7.19 124.07
-0.62 11.09 7.20 124.11
-0.51 11.11 7.21 124.14
-0.40 11.12 7.22 124.18
-0.29 11.13 7.23 124.22
-0.18 11.14 7.24 124.26
-0.07 11.15 7.25 124.29
0.05 11.15 7.26 124.33
0.16 11.15 7.27 124.37
0.27 11.14 7.28 124.40
0.38 11.14 7.29 124.44
0.49 11.12 7.30 124.48
0.60 11.11 7.31 124.52
0.71 11.09 7.32 124.55
0.82 11.07 7.33 124.59
0.94 11.05 7.34 124.63
1.05 11.02 7.35 124.67
1.16 10.99 7.36 124.70
1.27 10.95 7.37 124.74
1.38 10.91 7.38 124.78
1.48 10.87 7.39 124.82
1.59 10.83 7.40 124.85
1.70 10.78 7.41 124.89
1.81 10.73 7.42 124.93
1.92 10.67 7.43 124.97
2.02 10.62 7.44 125.00
2.13 10.56 7.45 125.04
2.23 10.49 7.46 125.08
2.34 10.43 7.47 125.12
2.44 10.36 7.48 125.15
2.55 10.28 7.49 125.19
2.65 10.21 7.50 125.23
2.75 10.13 7.51 125.27
2.85 10.04 7.52 125.30
2.95 9.96 7.53 125.34
3.05 9.87 7.54 125.38
3.15 9.78 7.55 125.42
3.25 9.68 7.56 125.45
3.35 9.59 7.57 125.49
3.44 9.49 7.58 125.53
3.54 9.38 7.59 125.57
3.63 9.28 7.60 125.60
3.72 9.17 7.61 125.64
3.82 9.05 7.62 125.68
3.91 8.94 7.63 125.72
4.00 8.82 7.64 125.76
4.08 8.70 7.65 125.79
4.17 8.58 7.66 125.83
4.26 8.46 7.67 125.87
4.34 8.33 7.68 125.91
4.42 8.20 7.69 125.94
4.51 8.07 7.70 125.98
4.59 7.93 7.71 126.02
4.67 7.79 7.72 126.06
4.74 7.65 7.73 126.09
4.82 7.51 7.74 126.13
4.90 7.37 7.75 126.17
4.97 7.22 7.76 126.21
5.04 7.07 7.77 126.25
5.11 6.92 7.78 126.28
5.18 6.76 7.79 126.32
5.25 6.61 7.80 126.36
5.32 6.45 7.81 126.40
5.38 6.29 7.82 126.44
5.44 6.13 7.83 126.47
5.50 5.97 7.84 126.51
5.56 5.80 7.85 126.55
5.62 5.64 7.86 126.59
5.68 5.47 7.87 126.63
5.73 5.30 7.88 126.66
5.79 5.12 7.89 126.70
5.84 4.95 7.90 126.74
5.89 4.78 7.91 126.78
5.93 4.60 7.92 126.82
5.98 4.42 7.93 126.85
6.02 4.24 7.94 126.89
6.07 4.06 7.95 126.93
6.11 3.88 7.96 126.97
6.15 3.70 7.97 127.01
6.18 3.51 7.98 127.04
6.22 3.33 7.99 127.08
6.25 3.14 8.00 127.12
6.28 2.95 8.01 127.16
6.31 2.76 8.02 127.20
6.34 2.57 8.03 127.23
6.37 2.38 8.04 127.27
6.39 2.19 8.05 127.31
6.41 2.00 8.06 127.35
6.43 1.81 8.07 127.39
6.45 1.62 8.08 127.43
6.47 1.42 8.09 127.46
6.48 1.23 8.10 127.50
6.49 1.03 8.11 127.54
6.50 0.84 8.12 127.58
6.51 0.64 8.13 127.62
6.52 0.45 8.14 127.66
6.52 0.25 8.15 127.69
6.53 0.06 8.16 127.73
6.53 -0.14 8.17 127.77
6.52 -0.33 8.18 127.81
6.52 -0.53 8.19 127.85
6.52 -0.73 8.20 127.89
6.51 -0.92 8.21 127.92
6.50 -1.12 8.22 127.96
6.49 -1.31 8.23 128.00
6.47 -1.51 8.24 128.04
6.46 -1.70 8.25 128.08
6.44 -1.89 8.26 128.12
6.42 -2.09 8.27 128.15
6.40 -2.28 8.28 128.19
6.38 -2.47 8.29 128.23
6.36 -2.66 8.30 128.27
6.33 -2.85 8.31 128.31
6.30 -3.04 8.32 128.35
6.27 -3.23 8.33 128.38
6.24 -3.42 8.34 128.42
6.20 -3.61 8.35 128.46
6.17 -3.79 8.36 128.50
6.13 -3.98 8.37 128.54
6.09 -4.16 8.38 128.58
6.05 -4.35 8.39 128.62
6.00 -4.53 8.40 128.65
5.96 -4.71 8.41 128.69
5.91 -4.89 8.42 128.73
5.86 -5.06 8.43 128.77
5.81 -5.24 8.44 128.81
5.76 -5.41 8.45 128.85
5.71 -5.59 8.46 128.89
5.65 -5.76 8.47 128.93
5.59 -5.93 8.48 128.96
5.53 -6.10 8.49 129.00
5.47 -6.26 8.50 129.04
5.41 -6.43 8.51 129.08
5.35 -6.59 8.52 129.12
5.28 -6.75 8.53 129.16
5.21 -6.91 8.54 129.20
5.14 -7.06 8.55 129.23
5.07 -7.22 8.56 129.27
5.00 -7.37 8.57 129.31
4.93 -7.52 8.58 129.35
4.85 -7.67 8.59 129.39
4.77 -7.81 8.60 129.43
4.70 -7.96 8.61 129.47
4.62 -8.10 8.62 129.51
4.54 -8.24 8.63 129.55
4.45 -8.37 8.64 129.58
4.37 -8.51 8.65 129.62
4.28 -8.64 8.66 129.66
4.20 -8.76 8.67 129.70
4.11 -8.89 8.68 129.74
4.02 -9.01 8.69 129.78
3.93 -9.13 8.70 129.82
3.84 -9.25 8.71 129.86
3.75 -9.37 8.72 129.90
3.65 -9.48 8.73 129.93
3.56 -9.59 8.74 129.97
3.46 -9.70 8.75 130.01
3.37 -9.80 8.76 130.05
3.27 -9.90 8.77 130.09
3.17 -10.00 8.78 130.13
3.07 -10.09 8.79 130.17
2.97 -10.19 8.80 130.21
2.87 -10.28 8.81 130.25
2.76 -10.36 8.82 130.29
2.66 -10.44 8.83 130.32
2.56 -10.52 8.84 130.36
2.45 -10.60 8.85 130.40
2.34 -10.67 8.86 130.44
2.24 -10.75 8.87 130.48
2.13 -10.81 8.88 130.52
2.02 -10.88 8.89 130.56
1.91 -10.94 8.90 130.60
1.80 -10.99 8.91 130.64
1.69 -11.05 8.92 130.68
1.58 -11.10 8.93 130.72
1.47 -11.15 8.94 130.76
1.36 -11.19 8.95 130.79
1.25 -11.23 8.96 130.83
1.14 -11.27 8.97 130.87
1.02 -11.30 8.98 130.91
0.91 -11.33 8.99 130.95
0.80 -11.36 9.00 130.99
0.68 -11.39 9.01 131.03
0.57 -11.41 9.02 131.07
0.46 -11.42 9.03 131.11
0.34 -11.44 9.04 131.15
0.23 -11.45 9.05 131.19
0.11 -11.45 9.06 131.23
-0.00 -11.46 9.07 131.27
-0.12 -11.46 9.08 131.31
-0.23 -11.45 9.09 131.35
-0.34 -11.45 9.10 131.38
-0.46 -11.44 9.11 131.42
-0.57 -11.42 9.12 131.46
-0.69 -11.41 9.13 131.50
-0.80 -11.38 9.14 131.54
-0.92 -11.36 9.15 131.58
-1.03 -11.33 9.16 131.62
-1.14 -11.30 9.17 131.66
-1.26 -11.27 9.18 131.70
-1.37 -11.23 9.19 131.74
-1.48 -11.19 9.20 131.78
-1.59 -11.14 9.21 131.82
-1.70 -11.10 9.22 131.86
-1.82 -11.05 9.23 131.90
-1.93 -10.99 9.24 131.94
-2.04 -10.93 9.25 131.98
-2.14 -10.87 9.26 132.02
-2.25 -10.81 9.27 132.06
-2.36 -10.74 9.28 132.10
-2.47 -10.67 9.29 132.14
-2.58 -10.60 9.30 132.18
-2.68 -10.52 9.31 132.21
-2.79 -10.44 9.32 132.25
-2.89 -10.35 9.33 132.29
-2.99 -10.27 9.34 132.33
-3.10 -10.18 9.35 132.37
-3.20 -10.09 9.36 132.41
-3.30 -9.99 9.37 132.45
-3.40 -9.89 9.38 132.49
-3.50 -9.79 9.39 132.53
-3.60 -9.68 9.40 132.57
-3.69 -9.58 9.41 132.61
-3.79 -9.46 9.42 132.65
-3.88 -9.35 9.43 132.69
-3.98 -9.23 9.44 132.73
-4.07 -9.11 9.45 132.77
-4.16 -8.99 9.46 132.81
-4.25 -8.87 9.47 132.85
-4.34 -8.74 9.48 132.89
-4.43 -8.61 9.49 132.93
-4.51 -8.48 9.50 132.97
-4.60 -8.34 9.51 133.01
-4.68 -8.20 9.52 133.05
-4.76 -8.06 9.53 133.09
-4.84 -7.92 9.54 133.13
-4.92 -7.78 9.55 133.17
-5.00 -7.63 9.56 133.21
-5.08 -7.48 9.57 133.25
-5.15 -7.33 9.58 133.29
-5.23 -7.17 9.59 133.33
-5.30 -7.01 9.60 133.37
-5.37 -6.86 9.61 133.41
-5.44 -6.69 9.62 133.45
-5.50 -6.53 9.63 133.49
-5.57 -6.37 9.64 133.53
-5.63 -6.20 9.65 133.57
-5.69 -6.03 9.66 133.61
-5.75 -5.86 9.67 133.65
-5.81 -5.69 9.68 133.69
-5.87 -5.51 9.69 133.73
-5.92 -5.34 9.70 133.77
-5.98 -5.16 9.71 133.81
-6.03 -4.98 9.72 133.85
-6.08 -4.80 9.73 133.89
-6.13 -4.62 9.74 133.93
-6.17 -4.43 9.75 133.97
-6.22 -4.25 9.76 134.01
-6.26 -4.06 9.77 134.05
-6.30 -3.87 9.78 134.09
-6.34 -3.68 9.79 134.13
-6.38 -3.49 9.80 134.17
-6.41 -3.30 9.81 134.21
-6.44 -3.11 9.82 134.25
-6.48 -2.92 9.83 134.29
-6.50 -2.72 9.84 134.33
-6.53 -2.53 9.85 134.37
-6.56 -2.33 9.86 134.41
-6.58 -2.13 9.87 134.45
-6.60 -1.94 9.88 134.49
-6.62 -1.74 9.89 134.54
-6.64 -1.54 9.90 134.58
-6.65 -1.34 9.91 134.62
-6.67 -1.14 9.92 134.66
-6.68 -0.94 9.93 134.70
-6.69 -0.74 9.94 134.74
-6.70 -0.54 9.95 134.78
-6.70 -0.34 9.96 134.82
-6.70 -0.14 9.97 134.86
-6.71 0.06 9.98 134.90
-6.70 0.26 9.99 134.94
-6.70 0.46 10.00 134.98
-6.70 0.67 10.01 135.02
-6.69 0.87 10.02 135.06
-6.68 1.07 10.03 135.10
-6.67 1.27 10.04 135.14
-6.66 1.47 10.05 135.18
-6.64 1.67 10.06 135.22
-6.63 1.87 10.07 135.26
-6.61 2.07 10.08 135.30
-6.59 2.26 10.09 135.34
-6.57 2.46 10.10 135.39
-6.54 2.66 10.11 135.43
-6.51 2.86 10.12 135.47
-6.49 3.05 10.13 135.51
-6.46 3.25 10.14 135.55
-6.42 3.44 10.15 135.59
-6.39 3.63 10.16 135.63
-6.35 3.82 10.17 135.67
-6.31 4.01 10.18 135.71
-6.27 4.20 10.19 135.75
-6.23 4.39 10.20 135.79
-6.19 4.58 10.21 135.83
-6.14 4.76 10.22 135.87
-6.09 4.95 10.23 135.91
-6.05 5.13 10.24 135.96
-5.99 5.31 10.25 136.00
-5.94 5.49 10.26 136.04
-5.89 5.67 10.27 136.08
-5.83 5.85 10.28 136.12
-5.77 6.02 10.29 136.16
-5.71 6.20 10.30 136.20
-5.65 6.37 10.31 136.24
-5.58 6.54 10.32 136.28
-5.52 6.70 10.33 136.32
-5.45 6.87 10.34 136.36
-5.38 7.03 10.35 136.40
-5.31 7.19 10.36 136.45
-5.24 7.35 10.37 136.49
-5.17 7.51 10.38 136.53
-5.09 7.67 10.39 136.57
-5.02 7.82 10.40 136.61
-4.94 7.97 10.41 136.65
-4.86 8.12 10.42 136.69
-4.78 8.26 10.43 136.73
-4.69 8.41 10.44 136.77
-4.61 8.55 10.45 136.81
-4.52 8.69 10.46 136.86
-4.44 8.82 10.47 136.90
-4.35 8.95 10.48 136.94
-4.26 9.08 10.49 136.98
-4.17 9.21 10.50 137.02
-4.08 9.34 10.51 137.06
-3.98 9.46 10.52 137.10
-3.89 9.58 10.53 137.14
-3.79 9.70 10.54 137.18
-3.70 9.81 10.55 137.23
-3.60 9.92 10.56 137.27
-3.50 10.03 10.57 137.31
-3.40 10.13 10.58 137.35
-3.30 10.24 10.59 137.39
-3.20 10.33 10.60 137.43
-3.09 10.43 10.61 137.47
-2.99 10.52 10.62 137.51
-2.88 10.61 10.63 137.55
-2.78 10.70 10.64 137.60
-2.67 10.78 10.65 137.64
-2.56 10.86 10.66 137.68
-2.45 10.94 10.67 137.72
-2.34 11.01 10.68 137.76
-2.23 11.08 10.69 137.80
-2.12 11.15 10.70 137.84
-2.01 11.21 10.71 137.89
-1.90 11.27 10.72 137.93
-1.79 11.33 10.73 137.97
-1.67 11.38 10.74 138.01
-1.56 11.44 10.75 138.05
-1.44 11.48 10.76 138.09
-1.33 11.53 10.77 138.13
-1.21 11.57 10.78 138.18
-1.10 11.60 10.79 138.22
-0.98 11.63 10.80 138.26
-0.87 11.66 10.81 138.30
-0.75 11.69 10.82 138.34
-0.63 11.71 10.83 138.38
-0.52 11.73 10.84 138.42
-0.40 11.75 10.85 138.47
-0.28 11.76 10.86 138.51
-0.16 11.77 10.87 138.55
-0.05 11.77 10.88 138.59
0.07 11.77 10.89 138.63
0.19 11.77 10.90 138.67
0.31 11.77 10.91 138.71
0.43 11.76 10.92 138.76
0.54 11.74 10.93 138.80
0.66 11.73 10.94 138.84
0.78 11.71 10.95 138.88
0.89 11.68 10.96 138.92
1.01 11.66 10.97 138.96
1.13 11.63 10.98 139.01
1.24 11.59 10.99 139.05
1.36 11.56 11.00 139.09
1.48 11.52 11.01 139.13
1.59 11.47 11.02 139.17
1.71 11.42 11.03 139.22
1.82 11.37 11.04 139.26
1.93 11.32 11.05 139.30
2.05 11.26 11.06 139.34
2.16 11.20 11.07 139.38
2.27 11.13 11.08 139.42
2.38 11.07 11.09 139.47
2.49 10.99 11.10 139.51
2.60 10.92 11.11 139.55
2.71 10.84 11.12 139.59
2.82 10.76 11.13 139.63
2.93 10.67 11.14 139.68
3.04 10.59 11.15 139.72
3.14 10.50 11.16 139.76
3.25 10.40 11.17 139.80
3.35 10.30 11.18 139.84
3.45 10.20 11.19 139.88
3.55 10.10 11.20 139.93
3.66 9.99 11.21 139.97
3.76 9.88 11.22 140.01
3.85 9.77 11.23 140.05
3.95 9.66 11.24 140.09
4.05 9.54 11.25 140.14
4.14 9.42 11.26 140.18
4.24 9.29 11.27 140.22
4.33 9.16 11.28 140.26
4.42 9.03 11.29 140.31
4.51 8.90 11.30 140.35
4.60 8.77 11.31 140.39
4.69 8.63 11.32 140.43
4.78 8.49 11.33 140.47
4.86 8.34 11.34 140.52
4.94 8.20 11.35 140.56
5.03 8.05 11.36 140.60
5.11 7.90 11.37 140.64
5.19 7.75 11.38 140.68
5.26 7.59 11.39 140.73
5.34 7.43 11.40 140.77
5.41 7.27 11.41 140.81
5.49 7.11 11.42 140.85
5.56 6.94 11.43 140.90
5.63 6.78 11.44 140.94
5.69 6.61 11.45 140.98
5.76 6.44 11.46 141.02
5.83 6.27 11.47 141.06
5.89 6.09 11.48 141.11
5.95 5.91 11.49 141.15
6.01 5.74 11.50 141.19
6.07 5.56 11.51 141.23
6.12 5.37 11.52 141.28
6.17 5.19 11.53 141.32
6.23 5.00 11.54 141.36
6.28 4.82 11.55 141.40
6.32 4.63 11.56 141.45
6.37 4.44 11.57 141.49
6.42 4.25 11.58 141.53
6.46 4.06 11.59 141.57
6.50 3.86 11.60 141.62
6.54 3.67 11.61 141.66
6.57 3.47 11.62 141.70
6.61 3.27 11.63 141.74
6.64 3.08 11.64 141.79
6.67 2.88 11.65 141.83
6.70 2.68 11.66 141.87
6.73 2.48 11.67 141.91
6.75 2.27 11.68 141.96
6.78 2.07 11.69 142.00
6.80 1.87 11.70 142.04
6.81 1.66 11.71 142.08
6.83 1.46 11.72 142.13
6.85 1.25 11.73 142.17
6.86 1.05 11.74 142.21
6.87 0.84 11.75 142.25
6.88 0.64 11.76 142.30
6.88 0.43 11.77 142.34
6.89 0.22 11.78 142.38
6.89 0.02 11.79 142.43
6.89 -0.19 11.80 142.47
6.89 -0.40 11.81 142.51
6.88 -0.60 11.82 142.55
6.88 -0.81 11.83 142.60
6.87 -1.01 11.84 142.64
6.86 -1.22 11.85 142.68
6.85 -1.43 11.86 142.72
6.83 -1.63 11.87 142.77
6.82 -1.84 11.88 142.81
6.80 -2.04 11.89 142.85
6.78 -2.25 11.90 142.90
6.76 -2.45 11.91 142.94
6.73 -2.65 11.92 142.98
6.71 -2.85 11.93 143.02
6.68 -3.05 11.94 143.07
6.65 -3.26 11.95 143.11
6.61 -3.45 11.96 143.15
6.58 -3.65 11.97 143.20
6.54 -3.85 11.98 143.24
6.50 -4.05 11.99 143.28
6.46 -4.24 12.00 143.33
6.42 -4.44 12.01 143.37
6.38 -4.63 12.02 143.41
6.33 -4.82 12.03 143.45
6.28 -5.01 12.04 143.50
6.23 -5.20 12.05 143.54
6.18 -5.38 12.06 143.58
6.13 -5.57 12.07 143.63
6.07 -5.75 12.08 143.67
6.01 -5.94 12.09 143.71
5.95 -6.12 12.10 143.76
5.89 -6.30 12.11 143.80
5.83 -6.47 12.12 143.84
5.76 -6.65 12.13 143.89
5.70 -6.82 12.14 143.93
5.63 -6.99 12.15 143.97
5.56 -7.16 12.16 144.01
5.49 -7.33 12.17 144.06
5.42 -7.49 12.18 144.10
5.34 -7.65 12.19 144.14
5.26 -7.81 12.20 144.19
5.19 -7.97 12.21 144.23
5.11 -8.13 12.22 144.27
5.02 -8.28 12.23 144.32
4.94 -8.43 12.24 144.36
4.86 -8.58 12.25 144.40
4.77 -8.73 12.26 144.45
4.68 -8.87 12.27 144.49
4.60 -9.01 12.28 144.53
4.51 -9.15 12.29 144.58
4.41 -9.28 12.30 144.62
4.32 -9.41 12.31 144.66
4.23 -9.54 12.32 144.71
4.13 -9.67 12.33 144.75
4.04 -9.79 12.34 144.79
3.94 -9.92 12.35 144.84
3.84 -10.03 12.36 144.88
3.74 -10.15 12.37 144.92
3.64 -10.26 12.38 144.97
3.53 -10.37 12.39 145.01
3.43 -10.48 12.40 145.06
3.33 -10.58 12.41 145.10
3.22 -10.68 12.42 145.14
3.11 -10.78 12.43 145.19
3.00 -10.87 12.44 145.23
2.90 -10.96 12.45 145.27
2.79 -11.05 12.46 145.32
2.68 -11.13 12.47 145.36
2.56 -11.21 12.48 145.40
2.45 -11.29 12.49 145.45
2.34 -11.36 12.50 145.49
2.23 -11.43 12.51 145.53
2.11 -11.50 12.52 145.58
2.00 -11.56 12.53 145.62
1.88 -11.62 12.54 145.67
1.77 -11.68 12.55 145.71
1.65 -11.73 12.56 145.75
1.53 -11.78 12.57 145.80
1.41 -11.83 12.58 145.84
1.30 -11.87 12.59 145.88
1.18 -11.91 12.60 145.93
1.06 -11.94 12.61 145.97
0.94 -11.97 12.62 146.02
0.82 -12.00 12.63 146.06
0.70 -12.03 12.64 146.10
0.58 -12.05 12.65 146.15
0.46 -12.06 12.66 146.19
0.34 -12.08 12.67 146.23
0.22 -12.09 12.68 146.28
0.10 -12.10 12.69 146.32
-0.03 -12.10 12.70 146.37
-0.15 -12.10 12.71 146.41
-0.27 -12.09 12.72 146.45
-0.39 -12.08 12.73 146.50
-0.51 -12.07 12.74 146.54
-0.63 -12.06 12.75 146.59
-0.75 -12.04 12.76 146.63
-0.87 -12.02 12.77 146.67
-0.99 -11.99 12.78 146.72
-1.11 -11.96 12.79 146.76
-1.23 -11.93 12.80 146.81
-1.35 -11.89 12.81 146.85
-1.47 -11.85 12.82 146.89
-1.59 -11.81 12.83 146.94
-1.71 -11.76 12.84 146.98
-1.82 -11.71 12.85 147.03
-1.94 -11.65 12.86 147.07
-2.06 -11.59 12.87 147.11
-2.17 -11.53 12.88 147.16
-2.29 -11.47 12.89 147.20
-2.40 -11.40 12.90 147.25
-2.52 -11.33 12.91 147.29
-2.63 -11.25 12.92 147.34
-2.74 -11.17 12.93 147.38
-2.85 -11.09 12.94 147.42
-2.97 -11.00 12.95 147.47
-3.08 -10.92 12.96 147.51
-3.18 -10.82 12.97 147.56
-3.29 -10.73 12.98 147.60
-3.40 -10.63 12.99 147.65
-3.51 -10.53 13.00 147.69
-3.61 -10.42 13.01 147.73
-3.72 -10.31 13.02 147.78
-3.82 -10.20 13.03 147.82
-3.92 -10.09 13.04 147.87
-4.02 -9.97 13.05 147.91
-4.12 -9.85 13.06 147.96
-4.22 -9.73 13.07 148.00
-4.32 -9.60 13.08 148.04
-4.41 -9.47 13.09 148.09
-4.51 -9.34 13.10 148.13
-4.60 -9.20 13.11 148.18
-4.69 -9.06 13.12 148.22
-4.78 -8.92 13.13 148.27
-4.87 -8.78 13.14 148.31
-4.96 -8.63 13.15 148.36
-5.05 -8.48 13.16 148.40
-5.13 -8.33 13.17 148.44
-5.22 -8.18 13.18 148.49
-5.30 -8.02 13.19 148.53
-5.38 -7.86 13.20 148.58
-5.46 -7.70 13.21 148.62
-5.53 -7.54 13.22 148.67
-5.61 -7.37 13.23 148.71
-5.68 -7.20 13.24 148.76
-5.75 -7.03 13.25 148.80
-5.82 -6.86 13.26 148.85
-5.89 -6.69 13.27 148.89
-5.96 -6.51 13.28 148.94
-6.03 -6.33 13.29 148.98
-6.09 -6.15 13.30 149.02
-6.15 -5.97 13.31 149.07
-6.21 -5.78 13.32 149.11
-6.27 -5.60 13.33 149.16
-6.32 -5.41 13.34 149.20
-6.38 -5.22 13.35 149.25
-6.43 -5.03 13.36 149.29
-6.48 -4.83 13.37 149.34
-6.53 -4.64 13.38 149.38
-6.57 -4.44 13.39 149.43
-6.62 -4.25 13.40 149.47
-6.66 -4.05 13.41 149.52
-6.70 -3.85 13.42 149.56
-6.74 -3.65 13.43 149.61
-6.78 -3.45 13.44 149.65
-6.81 -3.24 13.45 149.70
-6.84 -3.04 13.46 149.74
-6.87 -2.83 13.47 149.79
-6.90 -2.63 13.48 149.83
-6.93 -2.42 13.49 149.88
-6.95 -2.21 13.50 149.92
-6.98 -2.00 13.51 149.97
-7.00 -1.79 13.52 150.01
-7.01 -1.58 13.53 150.06
-7.03 -1.37 13.54 150.10
-7.04 -1.16 13.55 150.15
-7.05 -0.95 13.56 150.19
-7.06 -0.74 13.57 150.24
-7.07 -0.53 13.58 150.28
-7.08 -0.32 13.59 150.33
-7.08 -0.10 13.60 150.37
-7.08 0.11 13.61 150.42
-7.08 0.32 13.62 150.46
-7.08 0.53 13.63 150.51
-7.07 0.75 13.64 150.55
-7.06 0.96 13.65 150.60
-7.05 1.17 13.66 150.64
-7.04 1.38 13.67 150.69
-7.03 1.59 13.68 150.73
-7.01 1.80 13.69 150.78
-6.99 2.01 13.70 150.82
-6.97 2.22 13.71 150.87
-6.95 2.43 13.72 150.91
-6.93 2.64 13.73 150.96
-6.90 2.85 13.74 151.00
-6.87 3.06 13.75 151.05
-6.84 3.26 13.76 151.09
-6.81 3.47 13.77 151.14
-6.77 3.67 13.78 151.19
-6.74 3.88 13.79 151.23
-6.70 4.08 13.80 151.28
-6.66 4.28 13.81 151.32
-6.62 4.48 13.82 151.37
-6.57 4.68 13.83 151.41
-6.52 4.87 13.84 151.46
-6.48 5.07 13.85 151.50
-6.42 5.26 13.86 151.55
-6.37 5.46 13.87 151.59
-6.32 5.65 13.88 151.64
-6.26 5.84 13.89 151.69
-6.20 6.03 13.90 151.73
-6.14 6.21 13.91 151.78
-6.08 6.40 13.92 151.82
-6.02 6.58 13.93 151.87
-5.95 6.76 13.94 151.91
-5.88 6.94 13.95 151.96
-5.81 7.11 13.96 152.00
-5.74 7.29 13.97 152.05
-5.67 7.46 13.98 152.10
-5.60 7.63 13.99 152.14
-5.52 7.80 14.00 152.19
-5.44 7.96 14.01 152.23
-5.36 8.13 14.02 152.28
-5.28 8.29 14.03 152.32
-5.20 8.45 14.04 152.37
-5.11 8.60 14.05 152.41
-5.03 8.76 14.06 152.46
-4.94 8.91 14.07 152.51
-4.85 9.05 14.08 152.55
-4.76 9.20 14.09 152.60
-4.67 9.34 14.10 152.64
-4.57 9.48 14.11 152.69
-4.48 9.62 14.12 152.74
-4.38 9.75 14.13 152.78
-4.29 9.89 14.14 152.83
-4.19 10.01 14.15 152.87
-4.09 10.14 14.16 152.92
-3.98 10.26 14.17 152.96
-3.88 10.38 14.18 153.01
-3.78 10.50 14.19 153.06
-3.67 10.61 14.20 153.10
-3.57 10.72 14.21 153.15
-3.46 10.83 14.22 153.19
-3.35 10.93 14.23 153.24
-3.24 11.03 14.24 153.29
-3.13 11.13 14.25 153.33
-3.02 11.23 14.26 153.38
-2.91 11.32 14.27 153.42
-2.80 11.40 14.28 153.47
-2.68 11.49 14.29 153.52
-2.57 11.57 14.30 153.56
-2.45 11.64 14.31 153.61
-2.33 11.72 14.32 153.65
-2.22 11.79 14.33 153.70
-2.10 11.85 14.34 153.75
-1.98 11.92 14.35 153.79
-1.86 11.98 14.36 153.84
-1.74 12.03 14.37 153.88
-1.62 12.08 14.38 153.93
-1.50 12.13 14.39 153.98
-1.38 12.18 14.40 154.02
-1.26 12.22 14.41 154.07
-1.14 12.26 14.42 154.12
-1.01 12.29 14.43 154.16
-0.89 12.32 14.44 154.21
-0.77 12.35 14.45 154.25
-0.64 12.37 14.46 154.30
-0.52 12.39 14.47 154.35
-0.40 12.41 14.48 154.39
-0.27 12.42 14.49 154.44
-0.15 12.43 14.50 154.49
-0.02 12.43 14.51 154.53
0.10 12.43 14.52 154.58
0.23 12.43 14.53 154.63
0.35 12.42 14.54 154.67
0.47 12.41 14.55 154.72
0.60 12.40 14.56 154.76
0.72 12.38 14.57 154.81
0.85 12.36 14.58 154.86
0.97 12.33 14.59 154.90
1.09 12.30 14.60 154.95
1.22 12.27 14.61 155.00
1.34 12.23 14.62 155.04
1.46 12.19 14.63 155.09
1.58 12.15 14.64 155.14
1.70 12.10 14.65 155.18
1.83 12.05 14.66 155.23
1.95 12.00 14.67 155.28
2.07 11.94 14.68 155.32
2.19 11.88 14.69 155.37
2.30 11.81 14.70 155.42
2.42 11.74 14.71 155.46
2.54 11.67 14.72 155.51
2.66 11.59 14.73 155.56
2.77 11.51 14.74 155.60
2.89 11.43 14.75 155.65
3.00 11.34 14.76 155.70
3.12 11.25 14.77 155.74
3.23 11.16 14.78 155.79
3.34 11.06 14.79 155.84
3.45 10.96 14.80 155.88
3.56 10.86 14.81 155.93
3.67 10.75 14.82 155.98
3.78 10.64 14.83 156.02
3.88 10.53 14.84 156.07
3.99 10.41 14.85 156.12
4.09 10.29 14.86 156.16
4.19 10.17 14.87 156.21
4.30 10.04 14.88 156.26
4.40 9.92 14.89 156.30
4.50 9.78 14.90 156.35
4.59 9.65 14.91 156.40
4.69 9.51 14.92 156.44
4.79 9.37 14.93 156.49
4.88 9.23 14.94 156.54
4.97 9.08 14.95 156.59
5.06 8.93 14.96 156.63
5.15 8.78 14.97 156.68
5.24 8.62 14.98 156.73
5.33 8.47 14.99 156.77
5.41 8.31 15.00 156.82
5.49 8.15 15.01 156.87
5.57 7.98 15.02 156.91
5.65 7.81 15.03 156.96
5.73 7.64 15.04 157.01
5.81 7.47 15.05 157.06
5.88 7.30 15.06 157.10
5.96 7.12 15.07 157.15
6.03 6.94 15.08 157.20
6.10 6.76 15.09 157.24
6.16 6.58 15.10 157.29
6.23 6.39 15.11 157.34
6.29 6.21 15.12 157.39
6.36 6.02 15.13 157.43
6.42 5.83 15.14 157.48
6.48 5.63 15.15 157.53
6.53 5.44 15.16 157.58
6.59 5.24 15.17 157.62
6.64 5.05 15.18 157.67
6.69 4.85 15.19 157.72
6.74 4.65 15.20 157.76
6.78 4.45 15.21 157.81
6.83 4.24 15.22 157.86
6.87 4.04 15.23 157.91
6.91 3.83 15.24 157.95
6.95 3.62 15.25 158.00
6.99 3.41 15.26 158.05
7.02 3.21 15.27 158.10
7.05 2.99 15.28 158.14
7.08 2.78 15.29 158.19
7.11 2.57 15.30 158.24
7.14 2.36 15.31 158.29
7.16 2.14 15.32 158.33
7.18 1.93 15.33 158.38
7.20 1.71 15.34 158.43
7.22 1.50 15.35 158.48
7.23 1.28 15.36 158.52
7.24 1.06 15.37 158.57
7.25 0.85 15.38 158.62
7.26 0.63 15.39 158.67
7.27 0.41 15.40 158.71
7.27 0.19 15.41 158.76
7.28 -0.03 15.42 158.81
7.28 -0.24 15.43 158.86
7.27 -0.46 15.44 158.90
7.27 -0.68 15.45 158.95
7.26 -0.90 15.46 159.00
7.25 -1.12 15.47 159.05
7.24 -1.33 15.48 159.09
7.23 -1.55 15.49 159.14
7.21 -1.77 15.50 159.19
7.19 -1.98 15.51 159.24
7.18 -2.20 15.52 159.29
7.15 -2.42 15.53 159.33
7.13 -2.63 15.54 159.38
7.10 -2.84 15.55 159.43
7.07 -3.06 15.56 159.48
7.04 -3.27 15.57 159.52
7.01 -3.48 15.58 159.57
6.98 -3.69 15.59 159.62
6.94 -3.90 15.60 159.67
6.90 -4.11 15.61 159.72
6.86 -4.32 15.62 159.76
6.82 -4.52 15.63 159.81
6.77 -4.73 15.64 159.86
6.72 -4.93 15.65 159.91
6.67 -5.13 15.66 159.96
6.62 -5.33 15.67 160.00
6.57 -5.53 15.68 160.05
6.51 -5.73 15.69 160.10
6.46 -5.92 15.70 160.15
6.40 -6.12 15.71 160.20
6.34 -6.31 15.72 160.24
6.27 -6.50 15.73 160.29
6.21 -6.69 15.74 160.34
6.14 -6.87 15.75 160.39
6.07 -7.06 15.76 160.44
6.00 -7.24 15.77 160.48
5.93 -7.42 15.78 160.53
5.86 -7.60 15.79 160.58
5.78 -7.77 15.80 160.63
5.70 -7.95 15.81 160.68
5.62 -8.12 15.82 160.73
5.54 -8.29 15.83 160.77
5.46 -8.45 15.84 160.82
5.37 -8.62 15.85 160.87
5.29 -8.78 15.86 160.92
5.20 -8.93 15.87 160.97
5.11 -9.09 15.88 161.02
5.02 -9.24 15.89 161.06
4.93 -9.39 15.90 161.11
4.83 -9.54 15.91 161.16
4.74 -9.69 15.92 161.21
4.64 -9.83 15.93 161.26
4.54 -9.97 15.94 161.31
4.44 -10.11 15.95 161.35
4.34 -10.24 15.96 161.40
4.24 -10.37 15.97 161.45
4.14 -10.50 15.98 161.50
4.03 -10.62 15.99 161.55
3.93 -10.74 16.00 161.60
3.82 -10.86 16.01 161.64
3.71 -10.97 16.02 161.69
3.60 -11.08 16.03 161.74
3.49 -11.19 16.04 161.79
3.38 -11.30 16.05 161.84
3.26 -11.40 16.06 161.89
3.15 -11.50 16.07 161.94
3.03 -11.59 16.08 161.98
2.92 -11.68 16.09 162.03
2.80 -11.77 16.10 162.08
2.68 -11.85 16.11 162.13
2.57 -11.93 16.12 162.18
2.45 -12.01 16.13 162.23
2.33 -12.08 16.14 162.28
2.21 -12.15 16.15 162.32
2.08 -12.22 16.16 162.37
1.96 -12.28 16.17 162.42
1.84 -12.34 16.18 162.47
1.72 -12.40 16.19 162.52
1.59 -12.45 16.20 162.57
1.47 -12.50 16.21 162.62
1.34 -12.54 16.22 162.67
1.22 -12.58 16.23 162.71
1.09 -12.62 16.24 162.76
0.96 -12.65 16.25 162.81
0.84 -12.68 16.26 162.86
0.71 -12.70 16.27 162.91
0.58 -12.73 16.28 162.96
0.46 -12.74 16.29 163.01
0.33 -12.76 16.30 163.06
0.20 -12.77 16.31 163.11
0.07 -12.77 16.32 163.15
-0.05 -12.77 16.33 163.20
-0.18 -12.77 16.34 163.25
-0.31 -12.77 16.35 163.30
-0.44 -12.76 16.36 163.35
-0.56 -12.75 16.37 163.40
-0.69 -12.73 16.38 163.45
-0.82 -12.71 16.39 163.50
-0.95 -12.68 16.40 163.55
-1.07 -12.65 16.41 163.60
-1.20 -12.62 16.42 163.64
-1.33 -12.59 16.43 163.69
-1.45 -12.55 16.44 163.74
-1.58 -12.50 16.45 163.79
-1.70 -12.46 16.46 163.84
-1.83 -12.40 16.47 163.89
-1.95 -12.35 16.48 163.94
-2.07 -12.29 16.49 163.99
-2.20 -12.23 16.50 164.04
-2.32 -12.16 16.51 164.09
-2.44 -12.09 16.52 164.14
-2.56 -12.02 16.53 164.19
-2.68 -11.94 16.54 164.23
-2.80 -11.86 16.55 164.28
-2.92 -11.78 16.56 164.33
-3.04 -11.69 16.57 164.38
-3.15 -11.60 16.58 164.43
-3.27 -11.51 16.59 164.48
-3.39 -11.41 16.60 164.53
-3.50 -11.31 16.61 164.58
-3.61 -11.20 16.62 164.63
-3.72 -11.09 16.63 164.68
-3.84 -10.98 16.64 164.73
-3.95 -10.87 16.65 164.78
-4.05 -10.75 16.66 164.83
-4.16 -10.63 16.67 164.88
-4.27 -10.50 16.68 164.93
-4.37 -10.37 16.69 164.98
-4.48 -10.24 16.70 165.02
-4.58 -10.11 16.71 165.07
-4.68 -9.97 16.72 165.12
-4.78 -9.83 16.73 165.17
-4.88 -9.69 16.74 165.22
-4.98 -9.54 16.75 165.27
-5.07 -9.39 16.76 165.32
-5.16 -9.24 16.77 165.37
-5.26 -9.08 16.78 165.42
-5.35 -8.93 16.79 165.47
-5.44 -8.77 16.80 165.52
-5.52 -8.60 16.81 165.57
-5.61 -8.44 16.82 165.62
-5.70 -8.27 16.83 165.67
-5.78 -8.10 16.84 165.72
-5.86 -7.92 16.85 165.77
-5.94 -7.75 16.86 165.82
-6.02 -7.57 16.87 165.87
-6.09 -7.39 16.88 165.92
-6.17 -7.21 16.89 165.97
-6.24 -7.02 16.90 166.02
-6.31 -6.84 16.91 166.07
-6.38 -6.65 16.92 166.12
-6.44 -6.45 16.93 166.17
-6.51 -6.26 16.94 166.22
-6.57 -6.07 16.95 166.27
-6.63 -5.87 16.96 166.32
-6.69 -5.67 16.97 166.37
-6.75 -5.47 16.98 166.42
-6.80 -5.27 16.99 166.47
-6.85 -5.06 17.00 166.52
-6.90 -4.86 17.01 166.57
-6.95 -4.65 17.02 166.62
-7.00 -4.44 17.03 166.67
-7.04 -4.23 17.04 166.72
-7.09 -4.02 17.05 166.77
-7.13 -3.81 17.06 166.82
-7.16 -3.59 17.07 166.87
-7.20 -3.38 17.08 166.92
-7.23 -3.16 17.09 166.97
-7.26 -2.95 17.10 167.02
-7.29 -2.73 17.11 167.07
-7.32 -2.51 17.12 167.12
-7.35 -2.29 17.13 167.17
-7.37 -2.07 17.14 167.22
-7.39 -1.85 17.15 167.27
-7.41 -1.63 17.16 167.32
-7.43 -1.40 17.17 167.37
-7.44 -1.18 17.18 167.42
-7.45 -0.96 17.19 167.47
-7.46 -0.74 17.20 167.52
-7.47 -0.51 17.21 167.57
-7.47 -0.29 17.22 167.62
-7.48 -0.06 17.23 167.67
-7.48 0.16 17.24 167.72
-7.47 0.39 17.25 167.77
-7.47 0.61 17.26 167.82
-7.46 0.83 17.27 167.87
-7.46 1.06 17.28 167.92
-7.45 1.28 17.29 167.97
-7.43 1.50 17.30 168.02
-7.42 1.73 17.31 168.07
-7.40 1.95 17.32 168.12
-7.38 2.17 17.33 168.17
-7.36 2.39 17.34 168.22
-7.34 2.61 17.35 168.27
-7.31 2.83 17.36 168.32
-7.28 3.05 17.37 168.37
-7.25 3.27 17.38 168.43
-7.22 3.49 17.39 168.48
-7.18 3.71 17.40 168.53
-7.15 3.92 17.41 168.58
-7.11 4.14 17.42 168.63
-7.07 4.35 17.43 168.68
-7.02 4.56 17.44 168.73
-6.98 4.77 17.45 168.78
-6.93 4.98 17.46 168.83
-6.88 5.19 17.47 168.88
-6.83 5.40 17.48 168.93
-6.77 5.60 17.49 168.98
-6.72 5.80 17.50 169.03
-6.66 6.01 17.51 169.08
-6.60 6.20 17.52 169.13
-6.54 6.40 17.53 169.18
-6.47 6.60 17.54 169.24
-6.41 6.79 17.55 169.29
-6.34 6.99 17.56 169.34
-6.27 7.18 17.57 169.39
-6.20 7.36 17.58 169.44
-6.12 7.55 17.59 169.49
-6.05 7.73 17.60 169.54
-5.97 7.91 17.61 169.59
-5.89 8.09 17.62 169.64
-5.81 8.27 17.63 169.69
-5.73 8.44 17.64 169.74
-5.64 8.62 17.65 169.79
-5.56 8.79 17.66 169.85
-5.47 8.95 17.67 169.90
-5.38 9.12 17.68 169.95
-5.29 9.28 17.69 170.00
-5.20 9.44 17.70 170.05
-5.10 9.59 17.71 170.10
-5.01 9.75 17.72 170.15
-4.91 9.90 17.73 170.20
-4.81 10.04 17.74 170.25
-4.71 10.19 17.75 170.30
-4.61 10.33 17.76 170.36
-4.50 10.47 17.77 170.41
-4.40 10.60 17.78 170.46
-4.29 10.73 17.79 170.51
-4.19 10.86 17.80 170.56
-4.08 10.99 17.81 170.61
-3.97 11.11 17.82 170.66
-3.86 11.23 17.83 170.71
-3.74 11.35 17.84 170.77
-3.63 11.46 17.85 170.82
-3.52 11.57 17.86 170.87
-3.40 11.67 17.87 170.92
-3.28 11.77 17.88 170.97
-3.17 11.87 17.89 171.02
-3.05 11.97 17.90 171.07
-2.93 12.06 17.91 171.12
-2.81 12.15 17.92 171.18
-2.69 12.23 17.93 171.23
-2.56 12.31 17.94 171.28
-2.44 12.39 17.95 171.33
-2.32 12.46 17.96 171.38
-2.19 12.53 17.97 171.43
-2.07 12.60 17.98 171.48
-1.94 12.66 17.99 171.54
-1.81 12.72 18.00 171.59
-1.69 12.77 18.01 171.64
-1.56 12.82 18.02 171.69
-1.43 12.87 18.03 171.74
-1.30 12.91 18.04 171.79
-1.17 12.95 18.05 171.84
-1.04 12.99 18.06 171.90
-0.91 13.02 18.07 171.95
-0.78 13.04 18.08 172.00
-0.65 13.07 18.09 172.05
-0.52 13.09 18.10 172.10
-0.39 13.10 18.11 172.15
-0.26 13.11 18.12 172.21
-0.13 13.12 18.13 172.26
0.00 13.13 18.14 172.31
0.13 13.13 18.15 172.36
0.27 13.12 18.16 172.41
0.40 13.11 18.17 172.46
0.53 13.10 18.18 172.52
0.66 13.09 18.19 172.57
0.79 13.07 18.20 172.62
0.92 13.04 18.21 172.67
1.05 13.02 18.22 172.72
1.18 12.98 18.23 172.77
1.31 12.95 18.24 172.83
1.44 12.91 18.25 172.88
1.57 12.87 18.26 172.93
1.70 12.82 18.27 172.98
1.83 12.77 18.28 173.03
1.95 12.71 18.29 173.09
2.08 12.66 18.30 173.14
2.21 12.59 18.31 173.19
2.33 12.53 18.32 173.24
2.46 12.46 18.33 173.29
2.58 12.38 18.34 173.35
2.71 12.31 18.35 173.40
2.83 12.22 18.36 173.45
2.95 12.14 18.37 173.50
3.07 12.05 18.38 173.55
3.19 11.96 18.39 173.61
3.31 11.86 18.40 173.66
3.43 11.76 18.41 173.71
3.55 11.66 18.42 173.76
3.67 11.55 18.43 173.81
3.78 11.44 18.44 173.87
3.90 11.33 18.45 173.92
4.01 11.21 18.46 173.97
4.12 11.09 18.47 174.02
4.23 10.97 18.48 174.08
4.34 10.84 18.49 174.13
4.45 10.71 18.50 174.18
4.56 10.58 18.51 174.23
4.66 10.44 18.52 174.28
4.77 10.30 18.53 174.34
4.87 10.16 18.54 174.39
4.97 10.01 18.55 174.44
5.07 9.86 18.56 174.49
5.17 9.71 18.57 174.55
5.27 9.56 18.58 174.60
5.36 9.40 18.59 174.65
5.46 9.24 18.60 174.70
5.55 9.07 18.61 174.76
5.64 8.91 18.62 174.81
5.73 8.74 18.63 174.86
5.82 8.57 18.64 174.91
5.90 8.39 18.65 174.97
5.99 8.21 18.66 175.02
6.07 8.03 18.67 175.07
6.15 7.85 18.68 175.12
6.23 7.67 18.69 175.18
6.31 7.48 18.70 175.23
6.38 7.29 18.71 175.28
6.45 7.10 18.72 175.33
6.52 6.91 18.73 175.39
6.59 6.71 18.74 175.44
6.66 6.51 18.75 175.49
6.73 6.31 18.76 175.54
6.79 6.11 18.77 175.60
6.85 5.91 18.78 175.65
6.91 5.70 18.79 175.70
6.97 5.50 18.80 175.75
7.02 5.29 18.81 175.81
7.07 5.08 18.82 175.86
7.12 4.86 18.83 175.91
7.17 4.65 18.84 175.97
7.22 4.43 18.85 176.02
7.26 4.22 18.86 176.07
7.31 4.00 18.87 176.12
7.35 3.78 18.88 176.18
7.38 3.56 18.89 176.23
7.42 3.34 18.90 176.28
7.45 3.12 18.91 176.33
7.48 2.89 18.92 176.39
7.51 2.67 18.93 176.44
7.54 2.44 18.94 176.49
7.56 2.22 18.95 176.55
7.59 1.99 18.96 176.60
7.61 1.76 18.97 176.65
7.62 1.53 18.98 176.71
7.64 1.31 18.99 176.76
7.65 1.08 19.00 176.81
7.66 0.85 19.01 176.86
7.67 0.62 19.02 176.92
7.68 0.39 19.03 176.97
7.68 0.16 19.04 177.02
7.68 -0.07 19.05 177.08
7.68 -0.30 19.06 177.13
7.68 -0.53 19.07 177.18
7.67 -0.77 19.08 177.24
7.67 -1.00 19.09 177.29
7.66 -1.23 19.10 177.34
7.64 -1.45 19.11 177.40
7.63 -1.68 19.12 177.45
7.61 -1.91 19.13 177.50
7.59 -2.14 19.14 177.56
7.57 -2.37 19.15 177.61
7.55 -2.60 19.16 177.66
7.52 -2.82 19.17 177.72
7.49 -3.05 19.18 177.77
7.46 -3.27 19.19 177.82
7.43 -3.50 19.20 177.88
7.40 -3.72 19.21 177.93
7.36 -3.94 19.22 177.98
7.32 -4.16 19.23 178.04
7.28 -4.38 19.24 178.09
7.23 -4.60 19.25 178.14
7.19 -4.82 19.26 178.20
7.14 -5.03 19.27 178.25
7.09 -5.25 19.28 178.30
7.04 -5.46 19.29 178.36
6.98 -5.67 19.30 178.41
6.93 -5.88 19.31 178.46
6.87 -6.09 19.32 178.52
6.81 -6.29 19.33 178.57
6.74 -6.50 19.34 178.62
6.68 -6.70 19.35 178.68
6.61 -6.90 19.36 178.73
6.54 -7.10 19.37 178.78
6.47 -7.30 19.38 178.84
6.40 -7.49 19.39 178.89
6.32 -7.68 19.40 178.95
6.25 -7.87 19.41 179.00
6.17 -8.06 19.42 179.05
6.09 -8.24 19.43 179.11
6.00 -8.43 19.44 179.16
5.92 -8.61 19.45 179.21
5.83 -8.78 19.46 179.27
5.75 -8.96 19.47 179.32
5.66 -9.13 19.48 179.38
5.57 -9.30 19.49 179.43
5.47 -9.47 19.50 179.48
5.38 -9.63 19.51 179.54
5.28 -9.79 19.52 179.59
5.18 -9.95 19.53 179.64
5.08 -10.11 19.54 179.70
4.98 -10.26 19.55 179.75
4.88 -10.41 19.56 179.81
4.78 -10.56 19.57 179.86
4.67 -10.70 19.58 179.91
4.56 -10.84 19.59 179.97
4.45 -10.98 19.60 180.02
4.35 -11.11 19.61 180.08
4.23 -11.24 19.62 180.13
4.12 -11.37 19.63 180.18
4.01 -11.49 19.64 180.24
3.89 -11.61 19.65 180.29
3.78 -11.73 19.66 180.35
3.66 -11.84 19.67 180.40
3.54 -11.95 19.68 180.46
3.42 -12.06 19.69 180.51
3.30 -12.16 19.70 180.56
3.18 -12.26 19.71 180.62
3.06 -12.35 19.72 180.67
2.93 -12.45 19.73 180.73
2.81 -12.53 19.74 180.78
2.68 -12.62 19.75 180.83
2.56 -12.70 19.76 180.89
2.43 -12.78 19.77 180.94
2.30 -12.85 19.78 181.00
2.17 -12.92 19.79 181.05
2.05 -12.98 19.80 181.11
1.92 -13.04 19.81 181.16
1.78 -13.10 19.82 181.21
1.65 -13.16 19.83 181.27
1.52 -13.21 19.84 181.32
1.39 -13.25 19.85 181.38
1.26 -13.29 19.86 181.43
1.12 -13.33 19.87 181.49
0.99 -13.36 19.88 181.54
0.86 -13.39 19.89 181.60
0.72 -13.42 19.90 181.65
0.59 -13.44 19.91 181.70
0.46 -13.46 19.92 181.76
0.32 -13.47 19.93 181.81
0.19 -13.48 19.94 181.87
0.05 -13.49 19.95 181.92
-0.08 -13.49 19.96 181.98
-0.22 -13.49 19.97 182.03
-0.35 -13.48 19.98 182.09
-0.49 -13.47 19.99 182.14
-0.62 -13.45 20.00 182.20
