	 0.00 	 5.00 	 0.00 	 25.00
	 0.05 	 5.00 	 0.01 	 25.000000
	 0.10 	 5.00 	 0.02 	 25.000000
	 0.15 	 5.00 	 0.03 	 25.000000
	 0.20 	 4.99 	 0.04 	 25.000000
	 0.25 	 4.99 	 0.05 	 25.000000
	 0.30 	 4.98 	 0.06 	 25.000000
	 0.35 	 4.98 	 0.07 	 25.000000
	 0.40 	 4.97 	 0.08 	 25.000000
	 0.45 	 4.96 	 0.09 	 25.000000
	 0.50 	 4.95 	 0.10 	 25.000000
	 0.55 	 4.94 	 0.11 	 25.000000
	 0.60 	 4.93 	 0.12 	 25.000000
	 0.65 	 4.92 	 0.13 	 25.000000
	 0.70 	 4.90 	 0.14 	 25.000000
	 0.74 	 4.89 	 0.15 	 25.000000
	 0.79 	 4.87 	 0.16 	 25.000000
	 0.84 	 4.86 	 0.17 	 25.000000
	 0.89 	 4.84 	 0.18 	 25.000000
	 0.94 	 4.82 	 0.19 	 25.000000
	 0.99 	 4.80 	 0.20 	 25.000000
	 1.03 	 4.78 	 0.21 	 25.000000
	 1.08 	 4.76 	 0.22 	 25.000000
	 1.13 	 4.74 	 0.23 	 25.000000
	 1.18 	 4.71 	 0.24 	 25.000000
	 1.22 	 4.69 	 0.25 	 25.000000
	 1.27 	 4.67 	 0.26 	 25.000000
	 1.32 	 4.64 	 0.27 	 25.000000
	 1.36 	 4.61 	 0.28 	 25.000000
	 1.41 	 4.59 	 0.29 	 25.000000
	 1.46 	 4.56 	 0.30 	 25.000000
	 1.50 	 4.53 	 0.31 	 25.000000
	 1.55 	 4.50 	 0.32 	 25.000000
	 1.59 	 4.47 	 0.33 	 25.000000
	 1.64 	 4.43 	 0.34 	 25.000000
	 1.68 	 4.40 	 0.35 	 25.000000
	 1.72 	 4.37 	 0.36 	 25.000000
	 1.77 	 4.33 	 0.37 	 25.000000
	 1.81 	 4.30 	 0.38 	 25.000000
	 1.85 	 4.26 	 0.39 	 25.000000
	 1.89 	 4.22 	 0.40 	 25.000000
	 1.94 	 4.18 	 0.41 	 25.000000
	 1.98 	 4.14 	 0.42 	 25.000000
	 2.02 	 4.10 	 0.43 	 25.000000
	 2.06 	 4.06 	 0.44 	 25.000000
	 2.10 	 4.02 	 0.45 	 25.000000
	 2.14 	 3.98 	 0.46 	 25.000000
	 2.18 	 3.94 	 0.47 	 25.000000
	 2.22 	 3.89 	 0.48 	 25.000000
	 2.26 	 3.85 	 0.49 	 25.000000
	 2.30 	 3.80 	 0.50 	 25.000000
	 2.33 	 3.75 	 0.51 	 25.000000
	 2.37 	 3.71 	 0.52 	 25.000000
	 2.41 	 3.66 	 0.53 	 25.000000
	 2.45 	 3.61 	 0.54 	 25.000000
	 2.48 	 3.56 	 0.55 	 25.000000
	 2.52 	 3.51 	 0.56 	 25.000000
	 2.55 	 3.46 	 0.57 	 25.000000
	 2.59 	 3.41 	 0.58 	 25.000000
	 2.62 	 3.36 	 0.59 	 25.000000
	 2.65 	 3.31 	 0.60 	 25.000000
	 2.69 	 3.25 	 0.61 	 25.000000
	 2.72 	 3.20 	 0.62 	 25.000000
	 2.75 	 3.14 	 0.63 	 25.000000
	 2.78 	 3.09 	 0.64 	 25.000000
	 2.81 	 3.03 	 0.65 	 25.000000
	 2.84 	 2.98 	 0.66 	 25.000000
	 2.87 	 2.92 	 0.67 	 25.000000
	 2.90 	 2.86 	 0.68 	 25.000000
	 2.93 	 2.80 	 0.69 	 25.000000
	 2.96 	 2.74 	 0.70 	 25.000000
	 2.98 	 2.68 	 0.71 	 25.000000
	 3.01 	 2.62 	 0.72 	 25.000000
	 3.04 	 2.56 	 0.73 	 25.000000
	 3.06 	 2.50 	 0.74 	 25.000000
	 3.09 	 2.44 	 0.75 	 25.000000
	 3.11 	 2.38 	 0.76 	 25.000000
	 3.13 	 2.32 	 0.77 	 25.000000
	 3.16 	 2.25 	 0.78 	 25.000000
	 3.18 	 2.19 	 0.79 	 25.000000
	 3.20 	 2.13 	 0.80 	 25.000000
	 3.22 	 2.06 	 0.81 	 25.000000
	 3.24 	 2.00 	 0.82 	 25.000000
	 3.26 	 1.93 	 0.83 	 25.000000
	 3.28 	 1.87 	 0.84 	 25.000000
	 3.30 	 1.80 	 0.85 	 25.000000
	 3.32 	 1.74 	 0.86 	 25.000000
	 3.33 	 1.67 	 0.87 	 25.000000
	 3.35 	 1.60 	 0.88 	 25.000000
	 3.36 	 1.54 	 0.89 	 25.000000
	 3.38 	 1.47 	 0.90 	 25.000000
	 3.39 	 1.40 	 0.91 	 25.000000
	 3.41 	 1.33 	 0.92 	 25.000000
	 3.42 	 1.26 	 0.93 	 25.000000
	 3.43 	 1.20 	 0.94 	 25.000000
	 3.44 	 1.13 	 0.95 	 25.000000
	 3.46 	 1.06 	 0.96 	 25.000000
	 3.47 	 0.99 	 0.97 	 25.000000
	 3.48 	 0.92 	 0.98 	 25.000000
	 3.48 	 0.85 	 0.99 	 25.000000
	 3.49 	 0.78 	 1.00 	 25.000000
	 3.50 	 0.71 	 1.01 	 25.000000
	 3.51 	 0.64 	 1.02 	 25.000000
	 3.51 	 0.57 	 1.03 	 25.000000
	 3.52 	 0.50 	 1.04 	 25.000000
	 3.52 	 0.43 	 1.05 	 25.000000
	 3.53 	 0.36 	 1.06 	 25.000000
	 3.53 	 0.29 	 1.07 	 25.000000
	 3.53 	 0.22 	 1.08 	 25.000000
	 3.53 	 0.15 	 1.09 	 25.000000
	 3.54 	 0.08 	 1.10 	 25.000000
	 3.54 	 0.01 	 1.11 	 25.000000
	 3.54 	 -0.07 	 1.12 	 25.000000
	 3.53 	 -0.14 	 1.13 	 25.000000
	 3.53 	 -0.21 	 1.14 	 25.000000
	 3.53 	 -0.28 	 1.15 	 25.000000
	 3.53 	 -0.35 	 1.16 	 25.000000
	 3.52 	 -0.42 	 1.17 	 25.000000
	 3.52 	 -0.49 	 1.18 	 25.000000
	 3.51 	 -0.56 	 1.19 	 25.000000
	 3.51 	 -0.63 	 1.20 	 25.000000
	 3.50 	 -0.70 	 1.21 	 25.000000
	 3.49 	 -0.77 	 1.22 	 25.000000
	 3.49 	 -0.84 	 1.23 	 25.000000
	 3.48 	 -0.91 	 1.24 	 25.000000
	 3.47 	 -0.98 	 1.25 	 25.000000
	 3.46 	 -1.05 	 1.26 	 25.000000
	 3.45 	 -1.12 	 1.27 	 25.000000
	 3.43 	 -1.19 	 1.28 	 25.000000
	 3.42 	 -1.25 	 1.29 	 25.000000
	 3.41 	 -1.32 	 1.30 	 25.000000
	 3.40 	 -1.39 	 1.31 	 25.000000
	 3.38 	 -1.46 	 1.32 	 25.000000
	 3.37 	 -1.53 	 1.33 	 25.000000
	 3.35 	 -1.59 	 1.34 	 25.000000
	 3.34 	 -1.66 	 1.35 	 25.000000
	 3.32 	 -1.73 	 1.36 	 25.000000
	 3.30 	 -1.79 	 1.37 	 25.000000
	 3.28 	 -1.86 	 1.38 	 25.000000
	 3.26 	 -1.92 	 1.39 	 25.000000
	 3.24 	 -1.99 	 1.40 	 25.000000
	 3.22 	 -2.05 	 1.41 	 25.000000
	 3.20 	 -2.12 	 1.42 	 25.000000
	 3.18 	 -2.18 	 1.43 	 25.000000
	 3.16 	 -2.24 	 1.44 	 25.000000
	 3.14 	 -2.31 	 1.45 	 25.000000
	 3.11 	 -2.37 	 1.46 	 25.000000
	 3.09 	 -2.43 	 1.47 	 25.000000
	 3.06 	 -2.49 	 1.48 	 25.000000
	 3.04 	 -2.55 	 1.49 	 25.000000
	 3.01 	 -2.62 	 1.50 	 25.000000
	 2.99 	 -2.68 	 1.51 	 25.000000
	 2.96 	 -2.73 	 1.52 	 25.000000
	 2.93 	 -2.79 	 1.53 	 25.000000
	 2.90 	 -2.85 	 1.54 	 25.000000
	 2.88 	 -2.91 	 1.55 	 25.000000
	 2.85 	 -2.97 	 1.56 	 25.000000
	 2.82 	 -3.02 	 1.57 	 25.000000
	 2.79 	 -3.08 	 1.58 	 25.000000
	 2.75 	 -3.14 	 1.59 	 25.000000
	 2.72 	 -3.19 	 1.60 	 25.000000
	 2.69 	 -3.24 	 1.61 	 25.000000
	 2.66 	 -3.30 	 1.62 	 25.000000
	 2.62 	 -3.35 	 1.63 	 25.000000
	 2.59 	 -3.40 	 1.64 	 25.000000
	 2.56 	 -3.45 	 1.65 	 25.000000
	 2.52 	 -3.50 	 1.66 	 25.000000
	 2.49 	 -3.55 	 1.67 	 25.000000
	 2.45 	 -3.60 	 1.68 	 25.000000
	 2.41 	 -3.65 	 1.69 	 25.000000
	 2.38 	 -3.70 	 1.70 	 25.000000
	 2.34 	 -3.75 	 1.71 	 25.000000
	 2.30 	 -3.79 	 1.72 	 25.000000
	 2.26 	 -3.84 	 1.73 	 25.000000
	 2.23 	 -3.89 	 1.74 	 25.000000
	 2.19 	 -3.93 	 1.75 	 25.000000
	 2.15 	 -3.97 	 1.76 	 25.000000
	 2.11 	 -4.02 	 1.77 	 25.000000
	 2.07 	 -4.06 	 1.78 	 25.000000
	 2.03 	 -4.10 	 1.79 	 25.000000
	 1.98 	 -4.14 	 1.80 	 25.000000
	 1.94 	 -4.18 	 1.81 	 25.000000
	 1.90 	 -4.22 	 1.82 	 25.000000
	 1.86 	 -4.25 	 1.83 	 25.000000
	 1.82 	 -4.29 	 1.84 	 25.000000
	 1.77 	 -4.33 	 1.85 	 25.000000
	 1.73 	 -4.36 	 1.86 	 25.000000
	 1.69 	 -4.39 	 1.87 	 25.000000
	 1.64 	 -4.43 	 1.88 	 25.000000
	 1.60 	 -4.46 	 1.89 	 25.000000
	 1.55 	 -4.49 	 1.90 	 25.000000
	 1.51 	 -4.52 	 1.91 	 25.000000
	 1.46 	 -4.55 	 1.92 	 25.000000
	 1.42 	 -4.58 	 1.93 	 25.000000
	 1.37 	 -4.61 	 1.94 	 25.000000
	 1.32 	 -4.64 	 1.95 	 25.000000
	 1.28 	 -4.66 	 1.96 	 25.000000
	 1.23 	 -4.69 	 1.97 	 25.000000
	 1.18 	 -4.71 	 1.98 	 25.000000
	 1.14 	 -4.73 	 1.99 	 25.000000
	 1.09 	 -4.76 	 2.00 	 25.000000
	 1.04 	 -4.78 	 2.01 	 25.000000
	 0.99 	 -4.80 	 2.02 	 25.000000
	 0.95 	 -4.82 	 2.03 	 25.000000
	 0.90 	 -4.84 	 2.04 	 25.000000
	 0.85 	 -4.85 	 2.05 	 25.000000
	 0.80 	 -4.87 	 2.06 	 25.000000
	 0.75 	 -4.89 	 2.07 	 25.000000
	 0.70 	 -4.90 	 2.08 	 25.000000
	 0.65 	 -4.91 	 2.09 	 25.000000
	 0.60 	 -4.93 	 2.10 	 25.000000
	 0.56 	 -4.94 	 2.11 	 25.000000
	 0.51 	 -4.95 	 2.12 	 25.000000
	 0.46 	 -4.96 	 2.13 	 25.000000
	 0.41 	 -4.97 	 2.14 	 25.000000
	 0.36 	 -4.97 	 2.15 	 25.000000
	 0.31 	 -4.98 	 2.16 	 25.000000
	 0.26 	 -4.99 	 2.17 	 25.000000
	 0.21 	 -4.99 	 2.18 	 25.000000
	 0.16 	 -5.00 	 2.19 	 25.000000
	 0.11 	 -5.00 	 2.20 	 25.000000
	 0.06 	 -5.00 	 2.21 	 25.000000
	 0.01 	 -5.00 	 2.22 	 25.000000
	 -0.04 	 -5.00 	 2.23 	 25.000000
	 -0.09 	 -5.00 	 2.24 	 25.000000
	 -0.14 	 -5.00 	 2.25 	 25.000000
	 -0.19 	 -4.99 	 2.26 	 25.000000
	 -0.24 	 -4.99 	 2.27 	 25.000000
	 -0.29 	 -4.98 	 2.28 	 25.000000
	 -0.34 	 -4.98 	 2.29 	 25.000000
	 -0.39 	 -4.97 	 2.30 	 25.000000
	 -0.44 	 -4.96 	 2.31 	 25.000000
	 -0.49 	 -4.95 	 2.32 	 25.000000
	 -0.54 	 -4.94 	 2.33 	 25.000000
	 -0.59 	 -4.93 	 2.34 	 25.000000
	 -0.64 	 -4.92 	 2.35 	 25.000000
	 -0.69 	 -4.90 	 2.36 	 25.000000
	 -0.74 	 -4.89 	 2.37 	 25.000000
	 -0.79 	 -4.87 	 2.38 	 25.000000
	 -0.83 	 -4.86 	 2.39 	 25.000000
	 -0.88 	 -4.84 	 2.40 	 25.000000
	 -0.93 	 -4.82 	 2.41 	 25.000000
	 -0.98 	 -4.80 	 2.42 	 25.000000
	 -1.03 	 -4.78 	 2.43 	 25.000000
	 -1.08 	 -4.76 	 2.44 	 25.000000
	 -1.12 	 -4.74 	 2.45 	 25.000000
	 -1.17 	 -4.72 	 2.46 	 25.000000
	 -1.22 	 -4.69 	 2.47 	 25.000000
	 -1.26 	 -4.67 	 2.48 	 25.000000
	 -1.31 	 -4.64 	 2.49 	 25.000000
	 -1.36 	 -4.62 	 2.50 	 25.000000
	 -1.40 	 -4.59 	 2.51 	 25.000000
	 -1.45 	 -4.56 	 2.52 	 25.000000
	 -1.49 	 -4.53 	 2.53 	 25.000000
	 -1.54 	 -4.50 	 2.54 	 25.000000
	 -1.58 	 -4.47 	 2.55 	 25.000000
	 -1.63 	 -4.44 	 2.56 	 25.000000
	 -1.67 	 -4.40 	 2.57 	 25.000000
	 -1.72 	 -4.37 	 2.58 	 25.000000
	 -1.76 	 -4.34 	 2.59 	 25.000000
	 -1.80 	 -4.30 	 2.60 	 25.000000
	 -1.85 	 -4.26 	 2.61 	 25.000000
	 -1.89 	 -4.23 	 2.62 	 25.000000
	 -1.93 	 -4.19 	 2.63 	 25.000000
	 -1.97 	 -4.15 	 2.64 	 25.000000
	 -2.01 	 -4.11 	 2.65 	 25.000000
	 -2.05 	 -4.07 	 2.66 	 25.000000
	 -2.10 	 -4.03 	 2.67 	 25.000000
	 -2.14 	 -3.99 	 2.68 	 25.000000
	 -2.17 	 -3.94 	 2.69 	 25.000000
	 -2.21 	 -3.90 	 2.70 	 25.000000
	 -2.25 	 -3.85 	 2.71 	 25.000000
	 -2.29 	 -3.81 	 2.72 	 25.000000
	 -2.33 	 -3.76 	 2.73 	 25.000000
	 -2.37 	 -3.71 	 2.74 	 25.000000
	 -2.40 	 -3.67 	 2.75 	 25.000000
	 -2.44 	 -3.62 	 2.76 	 25.000000
	 -2.48 	 -3.57 	 2.77 	 25.000000
	 -2.51 	 -3.52 	 2.78 	 25.000000
	 -2.55 	 -3.47 	 2.79 	 25.000000
	 -2.58 	 -3.42 	 2.80 	 25.000000
	 -2.61 	 -3.37 	 2.81 	 25.000000
	 -2.65 	 -3.31 	 2.82 	 25.000000
	 -2.68 	 -3.26 	 2.83 	 25.000000
	 -2.71 	 -3.21 	 2.84 	 25.000000
	 -2.74 	 -3.15 	 2.85 	 25.000000
	 -2.78 	 -3.10 	 2.86 	 25.000000
	 -2.81 	 -3.04 	 2.87 	 25.000000
	 -2.84 	 -2.98 	 2.88 	 25.000000
	 -2.87 	 -2.93 	 2.89 	 25.000000
	 -2.90 	 -2.87 	 2.90 	 25.000000
	 -2.92 	 -2.81 	 2.91 	 25.000000
	 -2.95 	 -2.75 	 2.92 	 25.000000
	 -2.98 	 -2.69 	 2.93 	 25.000000
	 -3.01 	 -2.63 	 2.94 	 25.000000
	 -3.03 	 -2.57 	 2.95 	 25.000000
	 -3.06 	 -2.51 	 2.96 	 25.000000
	 -3.08 	 -2.45 	 2.97 	 25.000000
	 -3.11 	 -2.39 	 2.98 	 25.000000
	 -3.13 	 -2.33 	 2.99 	 25.000000
	 -3.15 	 -2.26 	 3.00 	 25.000000
	 -3.17 	 -2.20 	 3.01 	 25.000000
	 -3.20 	 -2.14 	 3.02 	 25.000000
	 -3.22 	 -2.07 	 3.03 	 25.000000
	 -3.24 	 -2.01 	 3.04 	 25.000000
	 -3.26 	 -1.94 	 3.05 	 25.000000
	 -3.28 	 -1.88 	 3.06 	 25.000000
	 -3.30 	 -1.81 	 3.07 	 25.000000
	 -3.31 	 -1.75 	 3.08 	 25.000000
	 -3.33 	 -1.68 	 3.09 	 25.000000
	 -3.35 	 -1.61 	 3.10 	 25.000000
	 -3.36 	 -1.55 	 3.11 	 25.000000
	 -3.38 	 -1.48 	 3.12 	 25.000000
	 -3.39 	 -1.41 	 3.13 	 25.000000
	 -3.41 	 -1.34 	 3.14 	 25.000000
	 -3.42 	 -1.27 	 3.15 	 25.000000
	 -3.43 	 -1.21 	 3.16 	 25.000000
	 -3.44 	 -1.14 	 3.17 	 25.000000
	 -3.45 	 -1.07 	 3.18 	 25.000000
	 -3.46 	 -1.00 	 3.19 	 25.000000
	 -3.47 	 -0.93 	 3.20 	 25.000000
	 -3.48 	 -0.86 	 3.21 	 25.000000
	 -3.49 	 -0.79 	 3.22 	 25.000000
	 -3.50 	 -0.72 	 3.23 	 25.000000
	 -3.51 	 -0.65 	 3.24 	 25.000000
	 -3.51 	 -0.58 	 3.25 	 25.000000
	 -3.52 	 -0.51 	 3.26 	 25.000000
	 -3.52 	 -0.44 	 3.27 	 25.000000
	 -3.53 	 -0.37 	 3.28 	 25.000000
	 -3.53 	 -0.30 	 3.29 	 25.000000
	 -3.53 	 -0.23 	 3.30 	 25.000000
	 -3.53 	 -0.16 	 3.31 	 25.000000
	 -3.54 	 -0.09 	 3.32 	 25.000000
	 -3.54 	 -0.02 	 3.33 	 25.000000
	 -3.54 	 0.06 	 3.34 	 25.000000
	 -3.53 	 0.13 	 3.35 	 25.000000
	 -3.53 	 0.20 	 3.36 	 25.000000
	 -3.53 	 0.27 	 3.37 	 25.000000
	 -3.53 	 0.34 	 3.38 	 25.000000
	 -3.52 	 0.41 	 3.39 	 25.000000
	 -3.52 	 0.48 	 3.40 	 25.000000
	 -3.51 	 0.55 	 3.41 	 25.000000
	 -3.51 	 0.62 	 3.42 	 25.000000
	 -3.50 	 0.69 	 3.43 	 25.000000
	 -3.49 	 0.76 	 3.44 	 25.000000
	 -3.49 	 0.83 	 3.45 	 25.000000
	 -3.48 	 0.90 	 3.46 	 25.000000
	 -3.47 	 0.97 	 3.47 	 25.000000
	 -3.46 	 1.04 	 3.48 	 25.000000
	 -3.45 	 1.11 	 3.49 	 25.000000
	 -3.44 	 1.18 	 3.50 	 25.000000
	 -3.42 	 1.24 	 3.51 	 25.000000
	 -3.41 	 1.31 	 3.52 	 25.000000
	 -3.40 	 1.38 	 3.53 	 25.000000
	 -3.38 	 1.45 	 3.54 	 25.000000
	 -3.37 	 1.52 	 3.55 	 25.000000
	 -3.35 	 1.58 	 3.56 	 25.000000
	 -3.34 	 1.65 	 3.57 	 25.000000
	 -3.32 	 1.72 	 3.58 	 25.000000
	 -3.30 	 1.78 	 3.59 	 25.000000
	 -3.29 	 1.85 	 3.60 	 25.000000
	 -3.27 	 1.91 	 3.61 	 25.000000
	 -3.25 	 1.98 	 3.62 	 25.000000
	 -3.23 	 2.04 	 3.63 	 25.000000
	 -3.21 	 2.11 	 3.64 	 25.000000
	 -3.18 	 2.17 	 3.65 	 25.000000
	 -3.16 	 2.24 	 3.66 	 25.000000
	 -3.14 	 2.30 	 3.67 	 25.000000
	 -3.12 	 2.36 	 3.68 	 25.000000
	 -3.09 	 2.42 	 3.69 	 25.000000
	 -3.07 	 2.48 	 3.70 	 25.000000
	 -3.04 	 2.55 	 3.71 	 25.000000
	 -3.02 	 2.61 	 3.72 	 25.000000
	 -2.99 	 2.67 	 3.73 	 25.000000
	 -2.96 	 2.73 	 3.74 	 25.000000
	 -2.94 	 2.79 	 3.75 	 25.000000
	 -2.91 	 2.84 	 3.76 	 25.000000
	 -2.88 	 2.90 	 3.77 	 25.000000
	 -2.85 	 2.96 	 3.78 	 25.000000
	 -2.82 	 3.02 	 3.79 	 25.000000
	 -2.79 	 3.07 	 3.80 	 25.000000
	 -2.76 	 3.13 	 3.81 	 25.000000
	 -2.73 	 3.18 	 3.82 	 25.000000
	 -2.70 	 3.24 	 3.83 	 25.000000
	 -2.66 	 3.29 	 3.84 	 25.000000
	 -2.63 	 3.34 	 3.85 	 25.000000
	 -2.60 	 3.39 	 3.86 	 25.000000
	 -2.56 	 3.45 	 3.87 	 25.000000
	 -2.53 	 3.50 	 3.88 	 25.000000
	 -2.49 	 3.55 	 3.89 	 25.000000
	 -2.46 	 3.60 	 3.90 	 25.000000
	 -2.42 	 3.65 	 3.91 	 25.000000
	 -2.38 	 3.69 	 3.92 	 25.000000
	 -2.35 	 3.74 	 3.93 	 25.000000
	 -2.31 	 3.79 	 3.94 	 25.000000
	 -2.27 	 3.83 	 3.95 	 25.000000
	 -2.23 	 3.88 	 3.96 	 25.000000
	 -2.19 	 3.92 	 3.97 	 25.000000
	 -2.15 	 3.97 	 3.98 	 25.000000
	 -2.11 	 4.01 	 3.99 	 25.000000
	 -2.07 	 4.05 	 4.00 	 25.000000
	 -2.03 	 4.09 	 4.01 	 25.000000
	 -1.99 	 4.13 	 4.02 	 25.000000
	 -1.95 	 4.17 	 4.03 	 25.000000
	 -1.91 	 4.21 	 4.04 	 25.000000
	 -1.87 	 4.25 	 4.05 	 25.000000
	 -1.82 	 4.28 	 4.06 	 25.000000
	 -1.78 	 4.32 	 4.07 	 25.000000
	 -1.74 	 4.36 	 4.08 	 25.000000
	 -1.69 	 4.39 	 4.09 	 25.000000
	 -1.65 	 4.42 	 4.10 	 25.000000
	 -1.60 	 4.46 	 4.11 	 25.000000
	 -1.56 	 4.49 	 4.12 	 25.000000
	 -1.51 	 4.52 	 4.13 	 25.000000
	 -1.47 	 4.55 	 4.14 	 25.000000
	 -1.42 	 4.58 	 4.15 	 25.000000
	 -1.38 	 4.61 	 4.16 	 25.000000
	 -1.33 	 4.63 	 4.17 	 25.000000
	 -1.28 	 4.66 	 4.18 	 25.000000
	 -1.24 	 4.68 	 4.19 	 25.000000
	 -1.19 	 4.71 	 4.20 	 25.000000
	 -1.14 	 4.73 	 4.21 	 25.000000
	 -1.10 	 4.75 	 4.22 	 25.000000
	 -1.05 	 4.77 	 4.23 	 25.000000
	 -1.00 	 4.80 	 4.24 	 25.000000
	 -0.95 	 4.81 	 4.25 	 25.000000
	 -0.90 	 4.83 	 4.26 	 25.000000
	 -0.86 	 4.85 	 4.27 	 25.000000
	 -0.81 	 4.87 	 4.28 	 25.000000
	 -0.76 	 4.88 	 4.29 	 25.000000
	 -0.71 	 4.90 	 4.30 	 25.000000
	 -0.66 	 4.91 	 4.31 	 25.000000
	 -0.61 	 4.92 	 4.32 	 25.000000
	 -0.56 	 4.94 	 4.33 	 25.000000
	 -0.51 	 4.95 	 4.34 	 25.000000
	 -0.46 	 4.96 	 4.35 	 25.000000
	 -0.41 	 4.97 	 4.36 	 25.000000
	 -0.36 	 4.97 	 4.37 	 25.000000
	 -0.31 	 4.98 	 4.38 	 25.000000
	 -0.26 	 4.99 	 4.39 	 25.000000
	 -0.21 	 4.99 	 4.40 	 25.000000
	 -0.16 	 4.99 	 4.41 	 25.000000
	 -0.11 	 5.00 	 4.42 	 25.000000
	 -0.06 	 5.00 	 4.43 	 25.000000
	 -0.01 	 5.00 	 4.44 	 25.000000
	 0.04 	 5.00 	 4.45 	 25.000000
	 0.09 	 5.00 	 4.46 	 25.000000
	 0.14 	 5.00 	 4.47 	 25.000000
	 0.19 	 4.99 	 4.48 	 25.000000
	 0.24 	 4.99 	 4.49 	 25.000000
	 0.28 	 4.98 	 4.50 	 25.000000
	 0.33 	 4.98 	 4.51 	 25.000000
	 0.38 	 4.97 	 4.52 	 25.000000
	 0.43 	 4.96 	 4.53 	 25.000000
	 0.48 	 4.95 	 4.54 	 25.000000
	 0.53 	 4.94 	 4.55 	 25.000000
	 0.58 	 4.93 	 4.56 	 25.000000
	 0.63 	 4.92 	 4.57 	 25.000000
	 0.68 	 4.91 	 4.58 	 25.000000
	 0.73 	 4.89 	 4.59 	 25.000000
	 0.78 	 4.88 	 4.60 	 25.000000
	 0.83 	 4.86 	 4.61 	 25.000000
	 0.88 	 4.84 	 4.62 	 25.000000
	 0.92 	 4.83 	 4.63 	 25.000000
	 0.97 	 4.81 	 4.64 	 25.000000
	 1.02 	 4.79 	 4.65 	 25.000000
	 1.07 	 4.77 	 4.66 	 25.000000
	 1.12 	 4.74 	 4.67 	 25.000000
	 1.16 	 4.72 	 4.68 	 25.000000
	 1.21 	 4.70 	 4.69 	 25.000000
	 1.26 	 4.67 	 4.70 	 25.000000
	 1.30 	 4.65 	 4.71 	 25.000000
	 1.35 	 4.62 	 4.72 	 25.000000
	 1.40 	 4.59 	 4.73 	 25.000000
	 1.44 	 4.57 	 4.74 	 25.000000
	 1.49 	 4.54 	 4.75 	 25.000000
	 1.53 	 4.51 	 4.76 	 25.000000
	 1.58 	 4.47 	 4.77 	 25.000000
	 1.62 	 4.44 	 4.78 	 25.000000
	 1.67 	 4.41 	 4.79 	 25.000000
	 1.71 	 4.38 	 4.80 	 25.000000
	 1.75 	 4.34 	 4.81 	 25.000000
	 1.80 	 4.31 	 4.82 	 25.000000
	 1.84 	 4.27 	 4.83 	 25.000000
	 1.88 	 4.23 	 4.84 	 25.000000
	 1.92 	 4.19 	 4.85 	 25.000000
	 1.97 	 4.16 	 4.86 	 25.000000
	 2.01 	 4.12 	 4.87 	 25.000000
	 2.05 	 4.08 	 4.88 	 25.000000
	 2.09 	 4.03 	 4.89 	 25.000000
	 2.13 	 3.99 	 4.90 	 25.000000
	 2.17 	 3.95 	 4.91 	 25.000000
	 2.21 	 3.90 	 4.92 	 25.000000
	 2.25 	 3.86 	 4.93 	 25.000000
	 2.29 	 3.81 	 4.94 	 25.000000
	 2.32 	 3.77 	 4.95 	 25.000000
	 2.36 	 3.72 	 4.96 	 25.000000
	 2.40 	 3.67 	 4.97 	 25.000000
	 2.43 	 3.63 	 4.98 	 25.000000
	 2.47 	 3.58 	 4.99 	 25.000000
	 2.51 	 3.53 	 5.00 	 25.000000
	 2.54 	 3.48 	 5.01 	 25.000000
	 2.58 	 3.43 	 5.02 	 25.000000
	 2.61 	 3.37 	 5.03 	 25.000000
	 2.64 	 3.32 	 5.04 	 25.000000
	 2.68 	 3.27 	 5.05 	 25.000000
	 2.71 	 3.21 	 5.06 	 25.000000
	 2.74 	 3.16 	 5.07 	 25.000000
	 2.77 	 3.10 	 5.08 	 25.000000
	 2.80 	 3.05 	 5.09 	 25.000000
	 2.83 	 2.99 	 5.10 	 25.000000
	 2.86 	 2.94 	 5.11 	 25.000000
	 2.89 	 2.88 	 5.12 	 25.000000
	 2.92 	 2.82 	 5.13 	 25.000000
	 2.95 	 2.76 	 5.14 	 25.000000
	 2.97 	 2.70 	 5.15 	 25.000000
	 3.00 	 2.64 	 5.16 	 25.000000
	 3.03 	 2.58 	 5.17 	 25.000000
	 3.05 	 2.52 	 5.18 	 25.000000
	 3.08 	 2.46 	 5.19 	 25.000000
	 3.10 	 2.40 	 5.20 	 25.000000
	 3.13 	 2.34 	 5.21 	 25.000000
	 3.15 	 2.27 	 5.22 	 25.000000
	 3.17 	 2.21 	 5.23 	 25.000000
	 3.19 	 2.15 	 5.24 	 25.000000
	 3.21 	 2.08 	 5.25 	 25.000000
	 3.23 	 2.02 	 5.26 	 25.000000
	 3.25 	 1.95 	 5.27 	 25.000000
	 3.27 	 1.89 	 5.28 	 25.000000
	 3.29 	 1.82 	 5.29 	 25.000000
	 3.31 	 1.76 	 5.30 	 25.000000
	 3.33 	 1.69 	 5.31 	 25.000000
	 3.34 	 1.62 	 5.32 	 25.000000
	 3.36 	 1.56 	 5.33 	 25.000000
	 3.38 	 1.49 	 5.34 	 25.000000
	 3.39 	 1.42 	 5.35 	 25.000000
	 3.40 	 1.35 	 5.36 	 25.000000
	 3.42 	 1.28 	 5.37 	 25.000000
	 3.43 	 1.22 	 5.38 	 25.000000
	 3.44 	 1.15 	 5.39 	 25.000000
	 3.45 	 1.08 	 5.40 	 25.000000
	 3.46 	 1.01 	 5.41 	 25.000000
	 3.47 	 0.94 	 5.42 	 25.000000
	 3.48 	 0.87 	 5.43 	 25.000000
	 3.49 	 0.80 	 5.44 	 25.000000
	 3.50 	 0.73 	 5.45 	 25.000000
	 3.50 	 0.66 	 5.46 	 25.000000
	 3.51 	 0.59 	 5.47 	 25.000000
	 3.52 	 0.52 	 5.48 	 25.000000
	 3.52 	 0.45 	 5.49 	 25.000000
	 3.53 	 0.38 	 5.50 	 25.000000
	 3.53 	 0.31 	 5.51 	 25.000000
	 3.53 	 0.24 	 5.52 	 25.000000
	 3.53 	 0.17 	 5.53 	 25.000000
	 3.53 	 0.10 	 5.54 	 25.000000
	 3.54 	 0.03 	 5.55 	 25.000000
	 3.54 	 -0.04 	 5.56 	 25.000000
	 3.53 	 -0.12 	 5.57 	 25.000000
	 3.53 	 -0.19 	 5.58 	 25.000000
	 3.53 	 -0.26 	 5.59 	 25.000000
	 3.53 	 -0.33 	 5.60 	 25.000000
	 3.52 	 -0.40 	 5.61 	 25.000000
	 3.52 	 -0.47 	 5.62 	 25.000000
	 3.51 	 -0.54 	 5.63 	 25.000000
	 3.51 	 -0.61 	 5.64 	 25.000000
	 3.50 	 -0.68 	 5.65 	 25.000000
	 3.50 	 -0.75 	 5.66 	 25.000000
	 3.49 	 -0.82 	 5.67 	 25.000000
	 3.48 	 -0.89 	 5.68 	 25.000000
	 3.47 	 -0.96 	 5.69 	 25.000000
	 3.46 	 -1.03 	 5.70 	 25.000000
	 3.45 	 -1.10 	 5.71 	 25.000000
	 3.44 	 -1.17 	 5.72 	 25.000000
	 3.43 	 -1.23 	 5.73 	 25.000000
	 3.41 	 -1.30 	 5.74 	 25.000000
	 3.40 	 -1.37 	 5.75 	 25.000000
	 3.39 	 -1.44 	 5.76 	 25.000000
	 3.37 	 -1.51 	 5.77 	 25.000000
	 3.36 	 -1.57 	 5.78 	 25.000000
	 3.34 	 -1.64 	 5.79 	 25.000000
	 3.32 	 -1.71 	 5.80 	 25.000000
	 3.31 	 -1.77 	 5.81 	 25.000000
	 3.29 	 -1.84 	 5.82 	 25.000000
	 3.27 	 -1.90 	 5.83 	 25.000000
	 3.25 	 -1.97 	 5.84 	 25.000000
	 3.23 	 -2.03 	 5.85 	 25.000000
	 3.21 	 -2.10 	 5.86 	 25.000000
	 3.19 	 -2.16 	 5.87 	 25.000000
	 3.17 	 -2.23 	 5.88 	 25.000000
	 3.14 	 -2.29 	 5.89 	 25.000000
	 3.12 	 -2.35 	 5.90 	 25.000000
	 3.10 	 -2.41 	 5.91 	 25.000000
	 3.07 	 -2.48 	 5.92 	 25.000000
	 3.05 	 -2.54 	 5.93 	 25.000000
	 3.02 	 -2.60 	 5.94 	 25.000000
	 2.99 	 -2.66 	 5.95 	 25.000000
	 2.97 	 -2.72 	 5.96 	 25.000000
	 2.94 	 -2.78 	 5.97 	 25.000000
	 2.91 	 -2.84 	 5.98 	 25.000000
	 2.88 	 -2.89 	 5.99 	 25.000000
	 2.85 	 -2.95 	 6.00 	 25.000000
	 2.82 	 -3.01 	 6.01 	 25.000000
	 2.79 	 -3.06 	 6.02 	 25.000000
	 2.76 	 -3.12 	 6.03 	 25.000000
	 2.73 	 -3.17 	 6.04 	 25.000000
	 2.70 	 -3.23 	 6.05 	 25.000000
	 2.67 	 -3.28 	 6.06 	 25.000000
	 2.63 	 -3.33 	 6.07 	 25.000000
	 2.60 	 -3.39 	 6.08 	 25.000000
	 2.57 	 -3.44 	 6.09 	 25.000000
	 2.53 	 -3.49 	 6.10 	 25.000000
	 2.50 	 -3.54 	 6.11 	 25.000000
	 2.46 	 -3.59 	 6.12 	 25.000000
	 2.42 	 -3.64 	 6.13 	 25.000000
	 2.39 	 -3.69 	 6.14 	 25.000000
	 2.35 	 -3.73 	 6.15 	 25.000000
	 2.31 	 -3.78 	 6.16 	 25.000000
	 2.28 	 -3.83 	 6.17 	 25.000000
	 2.24 	 -3.87 	 6.18 	 25.000000
	 2.20 	 -3.92 	 6.19 	 25.000000
	 2.16 	 -3.96 	 6.20 	 25.000000
	 2.12 	 -4.00 	 6.21 	 25.000000
	 2.08 	 -4.04 	 6.22 	 25.000000
	 2.04 	 -4.09 	 6.23 	 25.000000
	 2.00 	 -4.13 	 6.24 	 25.000000
	 1.96 	 -4.17 	 6.25 	 25.000000
	 1.91 	 -4.20 	 6.26 	 25.000000
	 1.87 	 -4.24 	 6.27 	 25.000000
	 1.83 	 -4.28 	 6.28 	 25.000000
	 1.79 	 -4.32 	 6.29 	 25.000000
	 1.74 	 -4.35 	 6.30 	 25.000000
	 1.70 	 -4.38 	 6.31 	 25.000000
	 1.65 	 -4.42 	 6.32 	 25.000000
	 1.61 	 -4.45 	 6.33 	 25.000000
	 1.57 	 -4.48 	 6.34 	 25.000000
	 1.52 	 -4.51 	 6.35 	 25.000000
	 1.48 	 -4.54 	 6.36 	 25.000000
	 1.43 	 -4.57 	 6.37 	 25.000000
	 1.38 	 -4.60 	 6.38 	 25.000000
	 1.34 	 -4.63 	 6.39 	 25.000000
	 1.29 	 -4.65 	 6.40 	 25.000000
	 1.24 	 -4.68 	 6.41 	 25.000000
	 1.20 	 -4.70 	 6.42 	 25.000000
	 1.15 	 -4.73 	 6.43 	 25.000000
	 1.10 	 -4.75 	 6.44 	 25.000000
	 1.06 	 -4.77 	 6.45 	 25.000000
	 1.01 	 -4.79 	 6.46 	 25.000000
	 0.96 	 -4.81 	 6.47 	 25.000000
	 0.91 	 -4.83 	 6.48 	 25.000000
	 0.86 	 -4.85 	 6.49 	 25.000000
	 0.81 	 -4.87 	 6.50 	 25.000000
	 0.77 	 -4.88 	 6.51 	 25.000000
	 0.72 	 -4.90 	 6.52 	 25.000000
	 0.67 	 -4.91 	 6.53 	 25.000000
	 0.62 	 -4.92 	 6.54 	 25.000000
	 0.57 	 -4.93 	 6.55 	 25.000000
	 0.52 	 -4.95 	 6.56 	 25.000000
	 0.47 	 -4.96 	 6.57 	 25.000000
	 0.42 	 -4.96 	 6.58 	 25.000000
	 0.37 	 -4.97 	 6.59 	 25.000000
	 0.32 	 -4.98 	 6.60 	 25.000000
	 0.27 	 -4.99 	 6.61 	 25.000000
	 0.22 	 -4.99 	 6.62 	 25.000000
	 0.17 	 -4.99 	 6.63 	 25.000000
	 0.12 	 -5.00 	 6.64 	 25.000000
	 0.07 	 -5.00 	 6.65 	 25.000000
	 0.02 	 -5.00 	 6.66 	 25.000000
	 -0.03 	 -5.00 	 6.67 	 25.000000
	 -0.08 	 -5.00 	 6.68 	 25.000000
	 -0.13 	 -5.00 	 6.69 	 25.000000
	 -0.18 	 -4.99 	 6.70 	 25.000000
	 -0.23 	 -4.99 	 6.71 	 25.000000
	 -0.28 	 -4.98 	 6.72 	 25.000000
	 -0.33 	 -4.98 	 6.73 	 25.000000
	 -0.38 	 -4.97 	 6.74 	 25.000000
	 -0.43 	 -4.96 	 6.75 	 25.000000
	 -0.48 	 -4.95 	 6.76 	 25.000000
	 -0.53 	 -4.94 	 6.77 	 25.000000
	 -0.58 	 -4.93 	 6.78 	 25.000000
	 -0.62 	 -4.92 	 6.79 	 25.000000
	 -0.67 	 -4.91 	 6.80 	 25.000000
	 -0.72 	 -4.89 	 6.81 	 25.000000
	 -0.77 	 -4.88 	 6.82 	 25.000000
	 -0.82 	 -4.86 	 6.83 	 25.000000
	 -0.87 	 -4.85 	 6.84 	 25.000000
	 -0.92 	 -4.83 	 6.85 	 25.000000
	 -0.97 	 -4.81 	 6.86 	 25.000000
	 -1.01 	 -4.79 	 6.87 	 25.000000
	 -1.06 	 -4.77 	 6.88 	 25.000000
	 -1.11 	 -4.75 	 6.89 	 25.000000
	 -1.16 	 -4.73 	 6.90 	 25.000000
	 -1.20 	 -4.70 	 6.91 	 25.000000
	 -1.25 	 -4.68 	 6.92 	 25.000000
	 -1.30 	 -4.65 	 6.93 	 25.000000
	 -1.34 	 -4.63 	 6.94 	 25.000000
	 -1.39 	 -4.60 	 6.95 	 25.000000
	 -1.44 	 -4.57 	 6.96 	 25.000000
	 -1.48 	 -4.54 	 6.97 	 25.000000
	 -1.53 	 -4.51 	 6.98 	 25.000000
	 -1.57 	 -4.48 	 6.99 	 25.000000
	 -1.62 	 -4.45 	 7.00 	 25.000000
	 -1.66 	 -4.41 	 7.01 	 25.000000
	 -1.70 	 -4.38 	 7.02 	 25.000000
	 -1.75 	 -4.35 	 7.03 	 25.000000
	 -1.79 	 -4.31 	 7.04 	 25.000000
	 -1.83 	 -4.27 	 7.05 	 25.000000
	 -1.88 	 -4.24 	 7.06 	 25.000000
	 -1.92 	 -4.20 	 7.07 	 25.000000
	 -1.96 	 -4.16 	 7.08 	 25.000000
	 -2.00 	 -4.12 	 7.09 	 25.000000
	 -2.04 	 -4.08 	 7.10 	 25.000000
	 -2.08 	 -4.04 	 7.11 	 25.000000
	 -2.12 	 -4.00 	 7.12 	 25.000000
	 -2.16 	 -3.95 	 7.13 	 25.000000
	 -2.20 	 -3.91 	 7.14 	 25.000000
	 -2.24 	 -3.87 	 7.15 	 25.000000
	 -2.28 	 -3.82 	 7.16 	 25.000000
	 -2.32 	 -3.78 	 7.17 	 25.000000
	 -2.36 	 -3.73 	 7.18 	 25.000000
	 -2.39 	 -3.68 	 7.19 	 25.000000
	 -2.43 	 -3.63 	 7.20 	 25.000000
	 -2.47 	 -3.58 	 7.21 	 25.000000
	 -2.50 	 -3.53 	 7.22 	 25.000000
	 -2.54 	 -3.48 	 7.23 	 25.000000
	 -2.57 	 -3.43 	 7.24 	 25.000000
	 -2.60 	 -3.38 	 7.25 	 25.000000
	 -2.64 	 -3.33 	 7.26 	 25.000000
	 -2.67 	 -3.28 	 7.27 	 25.000000
	 -2.70 	 -3.22 	 7.28 	 25.000000
	 -2.74 	 -3.17 	 7.29 	 25.000000
	 -2.77 	 -3.11 	 7.30 	 25.000000
	 -2.80 	 -3.06 	 7.31 	 25.000000
	 -2.83 	 -3.00 	 7.32 	 25.000000
	 -2.86 	 -2.94 	 7.33 	 25.000000
	 -2.89 	 -2.89 	 7.34 	 25.000000
	 -2.92 	 -2.83 	 7.35 	 25.000000
	 -2.94 	 -2.77 	 7.36 	 25.000000
	 -2.97 	 -2.71 	 7.37 	 25.000000
	 -3.00 	 -2.65 	 7.38 	 25.000000
	 -3.02 	 -2.59 	 7.39 	 25.000000
	 -3.05 	 -2.53 	 7.40 	 25.000000
	 -3.07 	 -2.47 	 7.41 	 25.000000
	 -3.10 	 -2.41 	 7.42 	 25.000000
	 -3.12 	 -2.34 	 7.43 	 25.000000
	 -3.15 	 -2.28 	 7.44 	 25.000000
	 -3.17 	 -2.22 	 7.45 	 25.000000
	 -3.19 	 -2.16 	 7.46 	 25.000000
	 -3.21 	 -2.09 	 7.47 	 25.000000
	 -3.23 	 -2.03 	 7.48 	 25.000000
	 -3.25 	 -1.96 	 7.49 	 25.000000
	 -3.27 	 -1.90 	 7.50 	 25.000000
	 -3.29 	 -1.83 	 7.51 	 25.000000
	 -3.31 	 -1.77 	 7.52 	 25.000000
	 -3.33 	 -1.70 	 7.53 	 25.000000
	 -3.34 	 -1.63 	 7.54 	 25.000000
	 -3.36 	 -1.57 	 7.55 	 25.000000
	 -3.37 	 -1.50 	 7.56 	 25.000000
	 -3.39 	 -1.43 	 7.57 	 25.000000
	 -3.40 	 -1.36 	 7.58 	 25.000000
	 -3.41 	 -1.29 	 7.59 	 25.000000
	 -3.43 	 -1.23 	 7.60 	 25.000000
	 -3.44 	 -1.16 	 7.61 	 25.000000
	 -3.45 	 -1.09 	 7.62 	 25.000000
	 -3.46 	 -1.02 	 7.63 	 25.000000
	 -3.47 	 -0.95 	 7.64 	 25.000000
	 -3.48 	 -0.88 	 7.65 	 25.000000
	 -3.49 	 -0.81 	 7.66 	 25.000000
	 -3.50 	 -0.74 	 7.67 	 25.000000
	 -3.50 	 -0.67 	 7.68 	 25.000000
	 -3.51 	 -0.60 	 7.69 	 25.000000
	 -3.52 	 -0.53 	 7.70 	 25.000000
	 -3.52 	 -0.46 	 7.71 	 25.000000
	 -3.52 	 -0.39 	 7.72 	 25.000000
	 -3.53 	 -0.32 	 7.73 	 25.000000
	 -3.53 	 -0.25 	 7.74 	 25.000000
	 -3.53 	 -0.18 	 7.75 	 25.000000
	 -3.53 	 -0.11 	 7.76 	 25.000000
	 -3.54 	 -0.04 	 7.77 	 25.000000
	 -3.54 	 0.03 	 7.78 	 25.000000
	 -3.53 	 0.10 	 7.79 	 25.000000
	 -3.53 	 0.18 	 7.80 	 25.000000
	 -3.53 	 0.25 	 7.81 	 25.000000
	 -3.53 	 0.32 	 7.82 	 25.000000
	 -3.52 	 0.39 	 7.83 	 25.000000
	 -3.52 	 0.46 	 7.84 	 25.000000
	 -3.52 	 0.53 	 7.85 	 25.000000
	 -3.51 	 0.60 	 7.86 	 25.000000
	 -3.50 	 0.67 	 7.87 	 25.000000
	 -3.50 	 0.74 	 7.88 	 25.000000
	 -3.49 	 0.81 	 7.89 	 25.000000
	 -3.48 	 0.88 	 7.90 	 25.000000
	 -3.47 	 0.95 	 7.91 	 25.000000
	 -3.46 	 1.02 	 7.92 	 25.000000
	 -3.45 	 1.09 	 7.93 	 25.000000
	 -3.44 	 1.15 	 7.94 	 25.000000
	 -3.43 	 1.22 	 7.95 	 25.000000
	 -3.42 	 1.29 	 7.96 	 25.000000
	 -3.40 	 1.36 	 7.97 	 25.000000
	 -3.39 	 1.43 	 7.98 	 25.000000
	 -3.37 	 1.50 	 7.99 	 25.000000
	 -3.36 	 1.56 	 8.00 	 25.000000
	 -3.34 	 1.63 	 8.01 	 25.000000
	 -3.33 	 1.70 	 8.02 	 25.000000
	 -3.31 	 1.76 	 8.03 	 25.000000
	 -3.29 	 1.83 	 8.04 	 25.000000
	 -3.27 	 1.89 	 8.05 	 25.000000
	 -3.25 	 1.96 	 8.06 	 25.000000
	 -3.23 	 2.02 	 8.07 	 25.000000
	 -3.21 	 2.09 	 8.08 	 25.000000
	 -3.19 	 2.15 	 8.09 	 25.000000
	 -3.17 	 2.22 	 8.10 	 25.000000
	 -3.15 	 2.28 	 8.11 	 25.000000
	 -3.12 	 2.34 	 8.12 	 25.000000
	 -3.10 	 2.40 	 8.13 	 25.000000
	 -3.08 	 2.47 	 8.14 	 25.000000
	 -3.05 	 2.53 	 8.15 	 25.000000
	 -3.02 	 2.59 	 8.16 	 25.000000
	 -3.00 	 2.65 	 8.17 	 25.000000
	 -2.97 	 2.71 	 8.18 	 25.000000
	 -2.94 	 2.77 	 8.19 	 25.000000
	 -2.92 	 2.83 	 8.20 	 25.000000
	 -2.89 	 2.88 	 8.21 	 25.000000
	 -2.86 	 2.94 	 8.22 	 25.000000
	 -2.83 	 3.00 	 8.23 	 25.000000
	 -2.80 	 3.06 	 8.24 	 25.000000
	 -2.77 	 3.11 	 8.25 	 25.000000
	 -2.74 	 3.17 	 8.26 	 25.000000
	 -2.70 	 3.22 	 8.27 	 25.000000
	 -2.67 	 3.27 	 8.28 	 25.000000
	 -2.64 	 3.33 	 8.29 	 25.000000
	 -2.61 	 3.38 	 8.30 	 25.000000
	 -2.57 	 3.43 	 8.31 	 25.000000
	 -2.54 	 3.48 	 8.32 	 25.000000
	 -2.50 	 3.53 	 8.33 	 25.000000
	 -2.47 	 3.58 	 8.34 	 25.000000
	 -2.43 	 3.63 	 8.35 	 25.000000
	 -2.39 	 3.68 	 8.36 	 25.000000
	 -2.36 	 3.73 	 8.37 	 25.000000
	 -2.32 	 3.77 	 8.38 	 25.000000
	 -2.28 	 3.82 	 8.39 	 25.000000
	 -2.24 	 3.87 	 8.40 	 25.000000
	 -2.20 	 3.91 	 8.41 	 25.000000
	 -2.16 	 3.95 	 8.42 	 25.000000
	 -2.12 	 4.00 	 8.43 	 25.000000
	 -2.08 	 4.04 	 8.44 	 25.000000
	 -2.04 	 4.08 	 8.45 	 25.000000
	 -2.00 	 4.12 	 8.46 	 25.000000
	 -1.96 	 4.16 	 8.47 	 25.000000
	 -1.92 	 4.20 	 8.48 	 25.000000
	 -1.88 	 4.24 	 8.49 	 25.000000
	 -1.84 	 4.27 	 8.50 	 25.000000
	 -1.79 	 4.31 	 8.51 	 25.000000
	 -1.75 	 4.35 	 8.52 	 25.000000
	 -1.71 	 4.38 	 8.53 	 25.000000
	 -1.66 	 4.41 	 8.54 	 25.000000
	 -1.62 	 4.45 	 8.55 	 25.000000
	 -1.57 	 4.48 	 8.56 	 25.000000
	 -1.53 	 4.51 	 8.57 	 25.000000
	 -1.48 	 4.54 	 8.58 	 25.000000
	 -1.44 	 4.57 	 8.59 	 25.000000
	 -1.39 	 4.60 	 8.60 	 25.000000
	 -1.34 	 4.62 	 8.61 	 25.000000
	 -1.30 	 4.65 	 8.62 	 25.000000
	 -1.25 	 4.68 	 8.63 	 25.000000
	 -1.20 	 4.70 	 8.64 	 25.000000
	 -1.16 	 4.72 	 8.65 	 25.000000
	 -1.11 	 4.75 	 8.66 	 25.000000
	 -1.06 	 4.77 	 8.67 	 25.000000
	 -1.02 	 4.79 	 8.68 	 25.000000
	 -0.97 	 4.81 	 8.69 	 25.000000
	 -0.92 	 4.83 	 8.70 	 25.000000
	 -0.87 	 4.85 	 8.71 	 25.000000
	 -0.82 	 4.86 	 8.72 	 25.000000
	 -0.77 	 4.88 	 8.73 	 25.000000
	 -0.72 	 4.89 	 8.74 	 25.000000
	 -0.68 	 4.91 	 8.75 	 25.000000
	 -0.63 	 4.92 	 8.76 	 25.000000
	 -0.58 	 4.93 	 8.77 	 25.000000
	 -0.53 	 4.94 	 8.78 	 25.000000
	 -0.48 	 4.95 	 8.79 	 25.000000
	 -0.43 	 4.96 	 8.80 	 25.000000
	 -0.38 	 4.97 	 8.81 	 25.000000
	 -0.33 	 4.98 	 8.82 	 25.000000
	 -0.28 	 4.98 	 8.83 	 25.000000
	 -0.23 	 4.99 	 8.84 	 25.000000
	 -0.18 	 4.99 	 8.85 	 25.000000
	 -0.13 	 5.00 	 8.86 	 25.000000
	 -0.08 	 5.00 	 8.87 	 25.000000
	 -0.03 	 5.00 	 8.88 	 25.000000
	 0.02 	 5.00 	 8.89 	 25.000000
	 0.07 	 5.00 	 8.90 	 25.000000
	 0.12 	 5.00 	 8.91 	 25.000000
	 0.17 	 4.99 	 8.92 	 25.000000
	 0.22 	 4.99 	 8.93 	 25.000000
	 0.27 	 4.99 	 8.94 	 25.000000
	 0.32 	 4.98 	 8.95 	 25.000000
	 0.37 	 4.97 	 8.96 	 25.000000
	 0.42 	 4.96 	 8.97 	 25.000000
	 0.47 	 4.96 	 8.98 	 25.000000
	 0.52 	 4.95 	 8.99 	 25.000000
	 0.57 	 4.94 	 9.00 	 25.000000
	 0.62 	 4.92 	 9.01 	 25.000000
	 0.67 	 4.91 	 9.02 	 25.000000
	 0.72 	 4.90 	 9.03 	 25.000000
	 0.76 	 4.88 	 9.04 	 25.000000
	 0.81 	 4.87 	 9.05 	 25.000000
	 0.86 	 4.85 	 9.06 	 25.000000
	 0.91 	 4.83 	 9.07 	 25.000000
	 0.96 	 4.81 	 9.08 	 25.000000
	 1.01 	 4.79 	 9.09 	 25.000000
	 1.05 	 4.77 	 9.10 	 25.000000
	 1.10 	 4.75 	 9.11 	 25.000000
	 1.15 	 4.73 	 9.12 	 25.000000
	 1.20 	 4.71 	 9.13 	 25.000000
	 1.24 	 4.68 	 9.14 	 25.000000
	 1.29 	 4.66 	 9.15 	 25.000000
	 1.34 	 4.63 	 9.16 	 25.000000
	 1.38 	 4.60 	 9.17 	 25.000000
	 1.43 	 4.57 	 9.18 	 25.000000
	 1.47 	 4.54 	 9.19 	 25.000000
	 1.52 	 4.51 	 9.20 	 25.000000
	 1.56 	 4.48 	 9.21 	 25.000000
	 1.61 	 4.45 	 9.22 	 25.000000
	 1.65 	 4.42 	 9.23 	 25.000000
	 1.70 	 4.39 	 9.24 	 25.000000
	 1.74 	 4.35 	 9.25 	 25.000000
	 1.78 	 4.32 	 9.26 	 25.000000
	 1.83 	 4.28 	 9.27 	 25.000000
	 1.87 	 4.24 	 9.28 	 25.000000
	 1.91 	 4.21 	 9.29 	 25.000000
	 1.95 	 4.17 	 9.30 	 25.000000
	 2.00 	 4.13 	 9.31 	 25.000000
	 2.04 	 4.09 	 9.32 	 25.000000
	 2.08 	 4.05 	 9.33 	 25.000000
	 2.12 	 4.00 	 9.34 	 25.000000
	 2.16 	 3.96 	 9.35 	 25.000000
	 2.20 	 3.92 	 9.36 	 25.000000
	 2.24 	 3.87 	 9.37 	 25.000000
	 2.27 	 3.83 	 9.38 	 25.000000
	 2.31 	 3.78 	 9.39 	 25.000000
	 2.35 	 3.74 	 9.40 	 25.000000
	 2.39 	 3.69 	 9.41 	 25.000000
	 2.42 	 3.64 	 9.42 	 25.000000
	 2.46 	 3.59 	 9.43 	 25.000000
	 2.50 	 3.54 	 9.44 	 25.000000
	 2.53 	 3.49 	 9.45 	 25.000000
	 2.57 	 3.44 	 9.46 	 25.000000
	 2.60 	 3.39 	 9.47 	 25.000000
	 2.63 	 3.34 	 9.48 	 25.000000
	 2.67 	 3.28 	 9.49 	 25.000000
	 2.70 	 3.23 	 9.50 	 25.000000
	 2.73 	 3.18 	 9.51 	 25.000000
	 2.76 	 3.12 	 9.52 	 25.000000
	 2.79 	 3.07 	 9.53 	 25.000000
	 2.82 	 3.01 	 9.54 	 25.000000
	 2.85 	 2.95 	 9.55 	 25.000000
	 2.88 	 2.90 	 9.56 	 25.000000
	 2.91 	 2.84 	 9.57 	 25.000000
	 2.94 	 2.78 	 9.58 	 25.000000
	 2.97 	 2.72 	 9.59 	 25.000000
	 2.99 	 2.66 	 9.60 	 25.000000
	 3.02 	 2.60 	 9.61 	 25.000000
	 3.05 	 2.54 	 9.62 	 25.000000
	 3.07 	 2.48 	 9.63 	 25.000000
	 3.10 	 2.42 	 9.64 	 25.000000
	 3.12 	 2.35 	 9.65 	 25.000000
	 3.14 	 2.29 	 9.66 	 25.000000
	 3.16 	 2.23 	 9.67 	 25.000000
	 3.19 	 2.16 	 9.68 	 25.000000
	 3.21 	 2.10 	 9.69 	 25.000000
	 3.23 	 2.04 	 9.70 	 25.000000
	 3.25 	 1.97 	 9.71 	 25.000000
	 3.27 	 1.91 	 9.72 	 25.000000
	 3.29 	 1.84 	 9.73 	 25.000000
	 3.31 	 1.78 	 9.74 	 25.000000
	 3.32 	 1.71 	 9.75 	 25.000000
	 3.34 	 1.64 	 9.76 	 25.000000
	 3.36 	 1.58 	 9.77 	 25.000000
	 3.37 	 1.51 	 9.78 	 25.000000
	 3.39 	 1.44 	 9.79 	 25.000000
	 3.40 	 1.37 	 9.80 	 25.000000
	 3.41 	 1.30 	 9.81 	 25.000000
	 3.43 	 1.24 	 9.82 	 25.000000
	 3.44 	 1.17 	 9.83 	 25.000000
	 3.45 	 1.10 	 9.84 	 25.000000
	 3.46 	 1.03 	 9.85 	 25.000000
	 3.47 	 0.96 	 9.86 	 25.000000
	 3.48 	 0.89 	 9.87 	 25.000000
	 3.49 	 0.82 	 9.88 	 25.000000
	 3.50 	 0.75 	 9.89 	 25.000000
	 3.50 	 0.68 	 9.90 	 25.000000
	 3.51 	 0.61 	 9.91 	 25.000000
	 3.51 	 0.54 	 9.92 	 25.000000
	 3.52 	 0.47 	 9.93 	 25.000000
	 3.52 	 0.40 	 9.94 	 25.000000
	 3.53 	 0.33 	 9.95 	 25.000000
	 3.53 	 0.26 	 9.96 	 25.000000
	 3.53 	 0.19 	 9.97 	 25.000000
	 3.53 	 0.12 	 9.98 	 25.000000
	 3.54 	 0.05 	 9.99 	 25.000000
	 3.54 	 -0.02 	 10.00 	 25.000000
	 3.53 	 -0.09 	 10.01 	 25.000000
	 3.53 	 -0.17 	 10.02 	 25.000000
	 3.53 	 -0.24 	 10.03 	 25.000000
	 3.53 	 -0.31 	 10.04 	 25.000000
	 3.53 	 -0.38 	 10.05 	 25.000000
	 3.52 	 -0.45 	 10.06 	 25.000000
	 3.52 	 -0.52 	 10.07 	 25.000000
	 3.51 	 -0.59 	 10.08 	 25.000000
	 3.50 	 -0.66 	 10.09 	 25.000000
	 3.50 	 -0.73 	 10.10 	 25.000000
	 3.49 	 -0.80 	 10.11 	 25.000000
	 3.48 	 -0.87 	 10.12 	 25.000000
	 3.47 	 -0.94 	 10.13 	 25.000000
	 3.46 	 -1.01 	 10.14 	 25.000000
	 3.45 	 -1.08 	 10.15 	 25.000000
	 3.44 	 -1.14 	 10.16 	 25.000000
	 3.43 	 -1.21 	 10.17 	 25.000000
	 3.42 	 -1.28 	 10.18 	 25.000000
	 3.40 	 -1.35 	 10.19 	 25.000000
	 3.39 	 -1.42 	 10.20 	 25.000000
	 3.38 	 -1.49 	 10.21 	 25.000000
	 3.36 	 -1.55 	 10.22 	 25.000000
	 3.34 	 -1.62 	 10.23 	 25.000000
	 3.33 	 -1.69 	 10.24 	 25.000000
	 3.31 	 -1.75 	 10.25 	 25.000000
	 3.29 	 -1.82 	 10.26 	 25.000000
	 3.27 	 -1.89 	 10.27 	 25.000000
	 3.26 	 -1.95 	 10.28 	 25.000000
	 3.24 	 -2.02 	 10.29 	 25.000000
	 3.22 	 -2.08 	 10.30 	 25.000000
	 3.19 	 -2.14 	 10.31 	 25.000000
	 3.17 	 -2.21 	 10.32 	 25.000000
	 3.15 	 -2.27 	 10.33 	 25.000000
	 3.13 	 -2.33 	 10.34 	 25.000000
	 3.10 	 -2.40 	 10.35 	 25.000000
	 3.08 	 -2.46 	 10.36 	 25.000000
	 3.05 	 -2.52 	 10.37 	 25.000000
	 3.03 	 -2.58 	 10.38 	 25.000000
	 3.00 	 -2.64 	 10.39 	 25.000000
	 2.98 	 -2.70 	 10.40 	 25.000000
	 2.95 	 -2.76 	 10.41 	 25.000000
	 2.92 	 -2.82 	 10.42 	 25.000000
	 2.89 	 -2.88 	 10.43 	 25.000000
	 2.86 	 -2.93 	 10.44 	 25.000000
	 2.83 	 -2.99 	 10.45 	 25.000000
	 2.80 	 -3.05 	 10.46 	 25.000000
	 2.77 	 -3.10 	 10.47 	 25.000000
	 2.74 	 -3.16 	 10.48 	 25.000000
	 2.71 	 -3.21 	 10.49 	 25.000000
	 2.68 	 -3.27 	 10.50 	 25.000000
	 2.64 	 -3.32 	 10.51 	 25.000000
	 2.61 	 -3.37 	 10.52 	 25.000000
	 2.58 	 -3.42 	 10.53 	 25.000000
	 2.54 	 -3.47 	 10.54 	 25.000000
	 2.51 	 -3.53 	 10.55 	 25.000000
	 2.47 	 -3.58 	 10.56 	 25.000000
	 2.44 	 -3.62 	 10.57 	 25.000000
	 2.40 	 -3.67 	 10.58 	 25.000000
	 2.36 	 -3.72 	 10.59 	 25.000000
	 2.32 	 -3.77 	 10.60 	 25.000000
	 2.29 	 -3.81 	 10.61 	 25.000000
	 2.25 	 -3.86 	 10.62 	 25.000000
	 2.21 	 -3.90 	 10.63 	 25.000000
	 2.17 	 -3.95 	 10.64 	 25.000000
	 2.13 	 -3.99 	 10.65 	 25.000000
	 2.09 	 -4.03 	 10.66 	 25.000000
	 2.05 	 -4.07 	 10.67 	 25.000000
	 2.01 	 -4.11 	 10.68 	 25.000000
	 1.97 	 -4.15 	 10.69 	 25.000000
	 1.93 	 -4.19 	 10.70 	 25.000000
	 1.88 	 -4.23 	 10.71 	 25.000000
	 1.84 	 -4.27 	 10.72 	 25.000000
	 1.80 	 -4.30 	 10.73 	 25.000000
	 1.76 	 -4.34 	 10.74 	 25.000000
	 1.71 	 -4.37 	 10.75 	 25.000000
	 1.67 	 -4.41 	 10.76 	 25.000000
	 1.62 	 -4.44 	 10.77 	 25.000000
	 1.58 	 -4.47 	 10.78 	 25.000000
	 1.53 	 -4.50 	 10.79 	 25.000000
	 1.49 	 -4.53 	 10.80 	 25.000000
	 1.44 	 -4.56 	 10.81 	 25.000000
	 1.40 	 -4.59 	 10.82 	 25.000000
	 1.35 	 -4.62 	 10.83 	 25.000000
	 1.31 	 -4.65 	 10.84 	 25.000000
	 1.26 	 -4.67 	 10.85 	 25.000000
	 1.21 	 -4.70 	 10.86 	 25.000000
	 1.16 	 -4.72 	 10.87 	 25.000000
	 1.12 	 -4.74 	 10.88 	 25.000000
	 1.07 	 -4.77 	 10.89 	 25.000000
	 1.02 	 -4.79 	 10.90 	 25.000000
	 0.97 	 -4.81 	 10.91 	 25.000000
	 0.93 	 -4.83 	 10.92 	 25.000000
	 0.88 	 -4.84 	 10.93 	 25.000000
	 0.83 	 -4.86 	 10.94 	 25.000000
	 0.78 	 -4.88 	 10.95 	 25.000000
	 0.73 	 -4.89 	 10.96 	 25.000000
	 0.68 	 -4.91 	 10.97 	 25.000000
	 0.63 	 -4.92 	 10.98 	 25.000000
	 0.58 	 -4.93 	 10.99 	 25.000000
	 0.53 	 -4.94 	 11.00 	 25.000000
	 0.49 	 -4.95 	 11.01 	 25.000000
	 0.44 	 -4.96 	 11.02 	 25.000000
	 0.39 	 -4.97 	 11.03 	 25.000000
	 0.34 	 -4.98 	 11.04 	 25.000000
	 0.29 	 -4.98 	 11.05 	 25.000000
	 0.24 	 -4.99 	 11.06 	 25.000000
	 0.19 	 -4.99 	 11.07 	 25.000000
	 0.14 	 -5.00 	 11.08 	 25.000000
	 0.09 	 -5.00 	 11.09 	 25.000000
	 0.04 	 -5.00 	 11.10 	 25.000000
	 -0.01 	 -5.00 	 11.11 	 25.000000
	 -0.06 	 -5.00 	 11.12 	 25.000000
	 -0.11 	 -5.00 	 11.13 	 25.000000
	 -0.16 	 -4.99 	 11.14 	 25.000000
	 -0.21 	 -4.99 	 11.15 	 25.000000
	 -0.26 	 -4.99 	 11.16 	 25.000000
	 -0.31 	 -4.98 	 11.17 	 25.000000
	 -0.36 	 -4.97 	 11.18 	 25.000000
	 -0.41 	 -4.97 	 11.19 	 25.000000
	 -0.46 	 -4.96 	 11.20 	 25.000000
	 -0.51 	 -4.95 	 11.21 	 25.000000
	 -0.56 	 -4.94 	 11.22 	 25.000000
	 -0.61 	 -4.93 	 11.23 	 25.000000
	 -0.66 	 -4.91 	 11.24 	 25.000000
	 -0.71 	 -4.90 	 11.25 	 25.000000
	 -0.76 	 -4.88 	 11.26 	 25.000000
	 -0.81 	 -4.87 	 11.27 	 25.000000
	 -0.85 	 -4.85 	 11.28 	 25.000000
	 -0.90 	 -4.83 	 11.29 	 25.000000
	 -0.95 	 -4.82 	 11.30 	 25.000000
	 -1.00 	 -4.80 	 11.31 	 25.000000
	 -1.05 	 -4.78 	 11.32 	 25.000000
	 -1.09 	 -4.75 	 11.33 	 25.000000
	 -1.14 	 -4.73 	 11.34 	 25.000000
	 -1.19 	 -4.71 	 11.35 	 25.000000
	 -1.24 	 -4.68 	 11.36 	 25.000000
	 -1.28 	 -4.66 	 11.37 	 25.000000
	 -1.33 	 -4.63 	 11.38 	 25.000000
	 -1.38 	 -4.61 	 11.39 	 25.000000
	 -1.42 	 -4.58 	 11.40 	 25.000000
	 -1.47 	 -4.55 	 11.41 	 25.000000
	 -1.51 	 -4.52 	 11.42 	 25.000000
	 -1.56 	 -4.49 	 11.43 	 25.000000
	 -1.60 	 -4.46 	 11.44 	 25.000000
	 -1.65 	 -4.42 	 11.45 	 25.000000
	 -1.69 	 -4.39 	 11.46 	 25.000000
	 -1.73 	 -4.36 	 11.47 	 25.000000
	 -1.78 	 -4.32 	 11.48 	 25.000000
	 -1.82 	 -4.29 	 11.49 	 25.000000
	 -1.86 	 -4.25 	 11.50 	 25.000000
	 -1.91 	 -4.21 	 11.51 	 25.000000
	 -1.95 	 -4.17 	 11.52 	 25.000000
	 -1.99 	 -4.13 	 11.53 	 25.000000
	 -2.03 	 -4.09 	 11.54 	 25.000000
	 -2.07 	 -4.05 	 11.55 	 25.000000
	 -2.11 	 -4.01 	 11.56 	 25.000000
	 -2.15 	 -3.97 	 11.57 	 25.000000
	 -2.19 	 -3.92 	 11.58 	 25.000000
	 -2.23 	 -3.88 	 11.59 	 25.000000
	 -2.27 	 -3.84 	 11.60 	 25.000000
	 -2.31 	 -3.79 	 11.61 	 25.000000
	 -2.34 	 -3.74 	 11.62 	 25.000000
	 -2.38 	 -3.70 	 11.63 	 25.000000
	 -2.42 	 -3.65 	 11.64 	 25.000000
	 -2.45 	 -3.60 	 11.65 	 25.000000
	 -2.49 	 -3.55 	 11.66 	 25.000000
	 -2.53 	 -3.50 	 11.67 	 25.000000
	 -2.56 	 -3.45 	 11.68 	 25.000000
	 -2.59 	 -3.40 	 11.69 	 25.000000
	 -2.63 	 -3.34 	 11.70 	 25.000000
	 -2.66 	 -3.29 	 11.71 	 25.000000
	 -2.69 	 -3.24 	 11.72 	 25.000000
	 -2.73 	 -3.18 	 11.73 	 25.000000
	 -2.76 	 -3.13 	 11.74 	 25.000000
	 -2.79 	 -3.07 	 11.75 	 25.000000
	 -2.82 	 -3.02 	 11.76 	 25.000000
	 -2.85 	 -2.96 	 11.77 	 25.000000
	 -2.88 	 -2.90 	 11.78 	 25.000000
	 -2.91 	 -2.85 	 11.79 	 25.000000
	 -2.94 	 -2.79 	 11.80 	 25.000000
	 -2.96 	 -2.73 	 11.81 	 25.000000
	 -2.99 	 -2.67 	 11.82 	 25.000000
	 -3.02 	 -2.61 	 11.83 	 25.000000
	 -3.04 	 -2.55 	 11.84 	 25.000000
	 -3.07 	 -2.49 	 11.85 	 25.000000
	 -3.09 	 -2.43 	 11.86 	 25.000000
	 -3.12 	 -2.36 	 11.87 	 25.000000
	 -3.14 	 -2.30 	 11.88 	 25.000000
	 -3.16 	 -2.24 	 11.89 	 25.000000
	 -3.18 	 -2.17 	 11.90 	 25.000000
	 -3.21 	 -2.11 	 11.91 	 25.000000
	 -3.23 	 -2.05 	 11.92 	 25.000000
	 -3.25 	 -1.98 	 11.93 	 25.000000
	 -3.27 	 -1.92 	 11.94 	 25.000000
	 -3.28 	 -1.85 	 11.95 	 25.000000
	 -3.30 	 -1.78 	 11.96 	 25.000000
	 -3.32 	 -1.72 	 11.97 	 25.000000
	 -3.34 	 -1.65 	 11.98 	 25.000000
	 -3.35 	 -1.59 	 11.99 	 25.000000
	 -3.37 	 -1.52 	 12.00 	 25.000000
	 -3.38 	 -1.45 	 12.01 	 25.000000
	 -3.40 	 -1.38 	 12.02 	 25.000000
	 -3.41 	 -1.31 	 12.03 	 25.000000
	 -3.42 	 -1.25 	 12.04 	 25.000000
	 -3.44 	 -1.18 	 12.05 	 25.000000
	 -3.45 	 -1.11 	 12.06 	 25.000000
	 -3.46 	 -1.04 	 12.07 	 25.000000
	 -3.47 	 -0.97 	 12.08 	 25.000000
	 -3.48 	 -0.90 	 12.09 	 25.000000
	 -3.49 	 -0.83 	 12.10 	 25.000000
	 -3.49 	 -0.76 	 12.11 	 25.000000
	 -3.50 	 -0.69 	 12.12 	 25.000000
	 -3.51 	 -0.62 	 12.13 	 25.000000
	 -3.51 	 -0.55 	 12.14 	 25.000000
	 -3.52 	 -0.48 	 12.15 	 25.000000
	 -3.52 	 -0.41 	 12.16 	 25.000000
	 -3.53 	 -0.34 	 12.17 	 25.000000
	 -3.53 	 -0.27 	 12.18 	 25.000000
	 -3.53 	 -0.20 	 12.19 	 25.000000
	 -3.53 	 -0.13 	 12.20 	 25.000000
	 -3.54 	 -0.06 	 12.21 	 25.000000
	 -3.54 	 0.01 	 12.22 	 25.000000
	 -3.54 	 0.08 	 12.23 	 25.000000
	 -3.53 	 0.15 	 12.24 	 25.000000
	 -3.53 	 0.23 	 12.25 	 25.000000
	 -3.53 	 0.30 	 12.26 	 25.000000
	 -3.53 	 0.37 	 12.27 	 25.000000
	 -3.52 	 0.44 	 12.28 	 25.000000
	 -3.52 	 0.51 	 12.29 	 25.000000
	 -3.51 	 0.58 	 12.30 	 25.000000
	 -3.51 	 0.65 	 12.31 	 25.000000
	 -3.50 	 0.72 	 12.32 	 25.000000
	 -3.49 	 0.79 	 12.33 	 25.000000
	 -3.48 	 0.86 	 12.34 	 25.000000
	 -3.47 	 0.93 	 12.35 	 25.000000
	 -3.46 	 1.00 	 12.36 	 25.000000
	 -3.45 	 1.07 	 12.37 	 25.000000
	 -3.44 	 1.13 	 12.38 	 25.000000
	 -3.43 	 1.20 	 12.39 	 25.000000
	 -3.42 	 1.27 	 12.40 	 25.000000
	 -3.41 	 1.34 	 12.41 	 25.000000
	 -3.39 	 1.41 	 12.42 	 25.000000
	 -3.38 	 1.48 	 12.43 	 25.000000
	 -3.36 	 1.54 	 12.44 	 25.000000
	 -3.35 	 1.61 	 12.45 	 25.000000
	 -3.33 	 1.68 	 12.46 	 25.000000
	 -3.31 	 1.74 	 12.47 	 25.000000
	 -3.30 	 1.81 	 12.48 	 25.000000
	 -3.28 	 1.88 	 12.49 	 25.000000
	 -3.26 	 1.94 	 12.50 	 25.000000
	 -3.24 	 2.01 	 12.51 	 25.000000
	 -3.22 	 2.07 	 12.52 	 25.000000
	 -3.20 	 2.13 	 12.53 	 25.000000
	 -3.18 	 2.20 	 12.54 	 25.000000
	 -3.15 	 2.26 	 12.55 	 25.000000
	 -3.13 	 2.32 	 12.56 	 25.000000
	 -3.11 	 2.39 	 12.57 	 25.000000
	 -3.08 	 2.45 	 12.58 	 25.000000
	 -3.06 	 2.51 	 12.59 	 25.000000
	 -3.03 	 2.57 	 12.60 	 25.000000
	 -3.01 	 2.63 	 12.61 	 25.000000
	 -2.98 	 2.69 	 12.62 	 25.000000
	 -2.95 	 2.75 	 12.63 	 25.000000
	 -2.92 	 2.81 	 12.64 	 25.000000
	 -2.90 	 2.87 	 12.65 	 25.000000
	 -2.87 	 2.93 	 12.66 	 25.000000
	 -2.84 	 2.98 	 12.67 	 25.000000
	 -2.81 	 3.04 	 12.68 	 25.000000
	 -2.78 	 3.09 	 12.69 	 25.000000
	 -2.75 	 3.15 	 12.70 	 25.000000
	 -2.71 	 3.20 	 12.71 	 25.000000
	 -2.68 	 3.26 	 12.72 	 25.000000
	 -2.65 	 3.31 	 12.73 	 25.000000
	 -2.62 	 3.36 	 12.74 	 25.000000
	 -2.58 	 3.42 	 12.75 	 25.000000
	 -2.55 	 3.47 	 12.76 	 25.000000
	 -2.51 	 3.52 	 12.77 	 25.000000
	 -2.48 	 3.57 	 12.78 	 25.000000
	 -2.44 	 3.62 	 12.79 	 25.000000
	 -2.40 	 3.67 	 12.80 	 25.000000
	 -2.37 	 3.71 	 12.81 	 25.000000
	 -2.33 	 3.76 	 12.82 	 25.000000
	 -2.29 	 3.81 	 12.83 	 25.000000
	 -2.25 	 3.85 	 12.84 	 25.000000
	 -2.22 	 3.90 	 12.85 	 25.000000
	 -2.18 	 3.94 	 12.86 	 25.000000
	 -2.14 	 3.98 	 12.87 	 25.000000
	 -2.10 	 4.03 	 12.88 	 25.000000
	 -2.06 	 4.07 	 12.89 	 25.000000
	 -2.02 	 4.11 	 12.90 	 25.000000
	 -1.97 	 4.15 	 12.91 	 25.000000
	 -1.93 	 4.19 	 12.92 	 25.000000
	 -1.89 	 4.23 	 12.93 	 25.000000
	 -1.85 	 4.26 	 12.94 	 25.000000
	 -1.80 	 4.30 	 12.95 	 25.000000
	 -1.76 	 4.33 	 12.96 	 25.000000
	 -1.72 	 4.37 	 12.97 	 25.000000
	 -1.67 	 4.40 	 12.98 	 25.000000
	 -1.63 	 4.44 	 12.99 	 25.000000
	 -1.59 	 4.47 	 13.00 	 25.000000
	 -1.54 	 4.50 	 13.01 	 25.000000
	 -1.50 	 4.53 	 13.02 	 25.000000
	 -1.45 	 4.56 	 13.03 	 25.000000
	 -1.40 	 4.59 	 13.04 	 25.000000
	 -1.36 	 4.62 	 13.05 	 25.000000
	 -1.31 	 4.64 	 13.06 	 25.000000
	 -1.27 	 4.67 	 13.07 	 25.000000
	 -1.22 	 4.69 	 13.08 	 25.000000
	 -1.17 	 4.72 	 13.09 	 25.000000
	 -1.12 	 4.74 	 13.10 	 25.000000
	 -1.08 	 4.76 	 13.11 	 25.000000
	 -1.03 	 4.78 	 13.12 	 25.000000
	 -0.98 	 4.80 	 13.13 	 25.000000
	 -0.93 	 4.82 	 13.14 	 25.000000
	 -0.88 	 4.84 	 13.15 	 25.000000
	 -0.84 	 4.86 	 13.16 	 25.000000
	 -0.79 	 4.87 	 13.17 	 25.000000
	 -0.74 	 4.89 	 13.18 	 25.000000
	 -0.69 	 4.90 	 13.19 	 25.000000
	 -0.64 	 4.92 	 13.20 	 25.000000
	 -0.59 	 4.93 	 13.21 	 25.000000
	 -0.54 	 4.94 	 13.22 	 25.000000
	 -0.49 	 4.95 	 13.23 	 25.000000
	 -0.44 	 4.96 	 13.24 	 25.000000
	 -0.39 	 4.97 	 13.25 	 25.000000
	 -0.34 	 4.98 	 13.26 	 25.000000
	 -0.29 	 4.98 	 13.27 	 25.000000
	 -0.24 	 4.99 	 13.28 	 25.000000
	 -0.19 	 4.99 	 13.29 	 25.000000
	 -0.14 	 5.00 	 13.30 	 25.000000
	 -0.09 	 5.00 	 13.31 	 25.000000
	 -0.04 	 5.00 	 13.32 	 25.000000
	 0.01 	 5.00 	 13.33 	 25.000000
	 0.06 	 5.00 	 13.34 	 25.000000
	 0.11 	 5.00 	 13.35 	 25.000000
	 0.16 	 5.00 	 13.36 	 25.000000
	 0.21 	 4.99 	 13.37 	 25.000000
	 0.26 	 4.99 	 13.38 	 25.000000
	 0.31 	 4.98 	 13.39 	 25.000000
	 0.36 	 4.97 	 13.40 	 25.000000
	 0.40 	 4.97 	 13.41 	 25.000000
	 0.45 	 4.96 	 13.42 	 25.000000
	 0.50 	 4.95 	 13.43 	 25.000000
	 0.55 	 4.94 	 13.44 	 25.000000
	 0.60 	 4.93 	 13.45 	 25.000000
	 0.65 	 4.91 	 13.46 	 25.000000
	 0.70 	 4.90 	 13.47 	 25.000000
	 0.75 	 4.89 	 13.48 	 25.000000
	 0.80 	 4.87 	 13.49 	 25.000000
	 0.85 	 4.85 	 13.50 	 25.000000
	 0.90 	 4.84 	 13.51 	 25.000000
	 0.94 	 4.82 	 13.52 	 25.000000
	 0.99 	 4.80 	 13.53 	 25.000000
	 1.04 	 4.78 	 13.54 	 25.000000
	 1.09 	 4.76 	 13.55 	 25.000000
	 1.14 	 4.74 	 13.56 	 25.000000
	 1.18 	 4.71 	 13.57 	 25.000000
	 1.23 	 4.69 	 13.58 	 25.000000
	 1.28 	 4.66 	 13.59 	 25.000000
	 1.32 	 4.64 	 13.60 	 25.000000
	 1.37 	 4.61 	 13.61 	 25.000000
	 1.41 	 4.58 	 13.62 	 25.000000
	 1.46 	 4.55 	 13.63 	 25.000000
	 1.51 	 4.52 	 13.64 	 25.000000
	 1.55 	 4.49 	 13.65 	 25.000000
	 1.60 	 4.46 	 13.66 	 25.000000
	 1.64 	 4.43 	 13.67 	 25.000000
	 1.68 	 4.40 	 13.68 	 25.000000
	 1.73 	 4.36 	 13.69 	 25.000000
	 1.77 	 4.33 	 13.70 	 25.000000
	 1.81 	 4.29 	 13.71 	 25.000000
	 1.86 	 4.25 	 13.72 	 25.000000
	 1.90 	 4.22 	 13.73 	 25.000000
	 1.94 	 4.18 	 13.74 	 25.000000
	 1.98 	 4.14 	 13.75 	 25.000000
	 2.02 	 4.10 	 13.76 	 25.000000
	 2.07 	 4.06 	 13.77 	 25.000000
	 2.11 	 4.02 	 13.78 	 25.000000
	 2.15 	 3.97 	 13.79 	 25.000000
	 2.19 	 3.93 	 13.80 	 25.000000
	 2.22 	 3.89 	 13.81 	 25.000000
	 2.26 	 3.84 	 13.82 	 25.000000
	 2.30 	 3.80 	 13.83 	 25.000000
	 2.34 	 3.75 	 13.84 	 25.000000
	 2.38 	 3.70 	 13.85 	 25.000000
	 2.41 	 3.65 	 13.86 	 25.000000
	 2.45 	 3.61 	 13.87 	 25.000000
	 2.48 	 3.56 	 13.88 	 25.000000
	 2.52 	 3.51 	 13.89 	 25.000000
	 2.56 	 3.46 	 13.90 	 25.000000
	 2.59 	 3.40 	 13.91 	 25.000000
	 2.62 	 3.35 	 13.92 	 25.000000
	 2.66 	 3.30 	 13.93 	 25.000000
	 2.69 	 3.25 	 13.94 	 25.000000
	 2.72 	 3.19 	 13.95 	 25.000000
	 2.75 	 3.14 	 13.96 	 25.000000
	 2.78 	 3.08 	 13.97 	 25.000000
	 2.81 	 3.03 	 13.98 	 25.000000
	 2.84 	 2.97 	 13.99 	 25.000000
	 2.87 	 2.91 	 14.00 	 25.000000
	 2.90 	 2.85 	 14.01 	 25.000000
	 2.93 	 2.80 	 14.02 	 25.000000
	 2.96 	 2.74 	 14.03 	 25.000000
	 2.99 	 2.68 	 14.04 	 25.000000
	 3.01 	 2.62 	 14.05 	 25.000000
	 3.04 	 2.56 	 14.06 	 25.000000
	 3.06 	 2.50 	 14.07 	 25.000000
	 3.09 	 2.43 	 14.08 	 25.000000
	 3.11 	 2.37 	 14.09 	 25.000000
	 3.14 	 2.31 	 14.10 	 25.000000
	 3.16 	 2.25 	 14.11 	 25.000000
	 3.18 	 2.18 	 14.12 	 25.000000
	 3.20 	 2.12 	 14.13 	 25.000000
	 3.22 	 2.06 	 14.14 	 25.000000
	 3.24 	 1.99 	 14.15 	 25.000000
	 3.26 	 1.93 	 14.16 	 25.000000
	 3.28 	 1.86 	 14.17 	 25.000000
	 3.30 	 1.79 	 14.18 	 25.000000
	 3.32 	 1.73 	 14.19 	 25.000000
	 3.33 	 1.66 	 14.20 	 25.000000
	 3.35 	 1.60 	 14.21 	 25.000000
	 3.37 	 1.53 	 14.22 	 25.000000
	 3.38 	 1.46 	 14.23 	 25.000000
	 3.40 	 1.39 	 14.24 	 25.000000
	 3.41 	 1.32 	 14.25 	 25.000000
	 3.42 	 1.26 	 14.26 	 25.000000
	 3.43 	 1.19 	 14.27 	 25.000000
	 3.45 	 1.12 	 14.28 	 25.000000
	 3.46 	 1.05 	 14.29 	 25.000000
	 3.47 	 0.98 	 14.30 	 25.000000
	 3.48 	 0.91 	 14.31 	 25.000000
	 3.49 	 0.84 	 14.32 	 25.000000
	 3.49 	 0.77 	 14.33 	 25.000000
	 3.50 	 0.70 	 14.34 	 25.000000
	 3.51 	 0.63 	 14.35 	 25.000000
	 3.51 	 0.56 	 14.36 	 25.000000
	 3.52 	 0.49 	 14.37 	 25.000000
	 3.52 	 0.42 	 14.38 	 25.000000
	 3.53 	 0.35 	 14.39 	 25.000000
	 3.53 	 0.28 	 14.40 	 25.000000
	 3.53 	 0.21 	 14.41 	 25.000000
	 3.53 	 0.14 	 14.42 	 25.000000
	 3.54 	 0.07 	 14.43 	 25.000000
	 3.54 	 -0.00 	 14.44 	 25.000000
	 3.54 	 -0.07 	 14.45 	 25.000000
	 3.53 	 -0.14 	 14.46 	 25.000000
	 3.53 	 -0.21 	 14.47 	 25.000000
	 3.53 	 -0.29 	 14.48 	 25.000000
	 3.53 	 -0.36 	 14.49 	 25.000000
	 3.52 	 -0.43 	 14.50 	 25.000000
	 3.52 	 -0.50 	 14.51 	 25.000000
	 3.51 	 -0.57 	 14.52 	 25.000000
	 3.51 	 -0.64 	 14.53 	 25.000000
	 3.50 	 -0.71 	 14.54 	 25.000000
	 3.49 	 -0.78 	 14.55 	 25.000000
	 3.48 	 -0.85 	 14.56 	 25.000000
	 3.48 	 -0.92 	 14.57 	 25.000000
	 3.47 	 -0.99 	 14.58 	 25.000000
	 3.46 	 -1.06 	 14.59 	 25.000000
	 3.44 	 -1.12 	 14.60 	 25.000000
	 3.43 	 -1.19 	 14.61 	 25.000000
	 3.42 	 -1.26 	 14.62 	 25.000000
	 3.41 	 -1.33 	 14.63 	 25.000000
	 3.39 	 -1.40 	 14.64 	 25.000000
	 3.38 	 -1.47 	 14.65 	 25.000000
	 3.37 	 -1.53 	 14.66 	 25.000000
	 3.35 	 -1.60 	 14.67 	 25.000000
	 3.33 	 -1.67 	 14.68 	 25.000000
	 3.32 	 -1.73 	 14.69 	 25.000000
	 3.30 	 -1.80 	 14.70 	 25.000000
	 3.28 	 -1.87 	 14.71 	 25.000000
	 3.26 	 -1.93 	 14.72 	 25.000000
	 3.24 	 -2.00 	 14.73 	 25.000000
	 3.22 	 -2.06 	 14.74 	 25.000000
	 3.20 	 -2.12 	 14.75 	 25.000000
	 3.18 	 -2.19 	 14.76 	 25.000000
	 3.16 	 -2.25 	 14.77 	 25.000000
	 3.13 	 -2.31 	 14.78 	 25.000000
	 3.11 	 -2.38 	 14.79 	 25.000000
	 3.09 	 -2.44 	 14.80 	 25.000000
	 3.06 	 -2.50 	 14.81 	 25.000000
	 3.04 	 -2.56 	 14.82 	 25.000000
	 3.01 	 -2.62 	 14.83 	 25.000000
	 2.98 	 -2.68 	 14.84 	 25.000000
	 2.96 	 -2.74 	 14.85 	 25.000000
	 2.93 	 -2.80 	 14.86 	 25.000000
	 2.90 	 -2.86 	 14.87 	 25.000000
	 2.87 	 -2.92 	 14.88 	 25.000000
	 2.84 	 -2.97 	 14.89 	 25.000000
	 2.81 	 -3.03 	 14.90 	 25.000000
	 2.78 	 -3.09 	 14.91 	 25.000000
	 2.75 	 -3.14 	 14.92 	 25.000000
	 2.72 	 -3.20 	 14.93 	 25.000000
	 2.69 	 -3.25 	 14.94 	 25.000000
	 2.65 	 -3.30 	 14.95 	 25.000000
	 2.62 	 -3.36 	 14.96 	 25.000000
	 2.59 	 -3.41 	 14.97 	 25.000000
	 2.55 	 -3.46 	 14.98 	 25.000000
	 2.52 	 -3.51 	 14.99 	 25.000000
	 2.48 	 -3.56 	 15.00 	 25.000000
	 2.45 	 -3.61 	 15.01 	 25.000000
	 2.41 	 -3.66 	 15.02 	 25.000000
	 2.37 	 -3.71 	 15.03 	 25.000000
	 2.34 	 -3.75 	 15.04 	 25.000000
	 2.30 	 -3.80 	 15.05 	 25.000000
	 2.26 	 -3.85 	 15.06 	 25.000000
	 2.22 	 -3.89 	 15.07 	 25.000000
	 2.18 	 -3.93 	 15.08 	 25.000000
	 2.14 	 -3.98 	 15.09 	 25.000000
	 2.10 	 -4.02 	 15.10 	 25.000000
	 2.06 	 -4.06 	 15.11 	 25.000000
	 2.02 	 -4.10 	 15.12 	 25.000000
	 1.98 	 -4.14 	 15.13 	 25.000000
	 1.94 	 -4.18 	 15.14 	 25.000000
	 1.90 	 -4.22 	 15.15 	 25.000000
	 1.85 	 -4.26 	 15.16 	 25.000000
	 1.81 	 -4.29 	 15.17 	 25.000000
	 1.77 	 -4.33 	 15.18 	 25.000000
	 1.72 	 -4.36 	 15.19 	 25.000000
	 1.68 	 -4.40 	 15.20 	 25.000000
	 1.64 	 -4.43 	 15.21 	 25.000000
	 1.59 	 -4.46 	 15.22 	 25.000000
	 1.55 	 -4.50 	 15.23 	 25.000000
	 1.50 	 -4.53 	 15.24 	 25.000000
	 1.46 	 -4.56 	 15.25 	 25.000000
	 1.41 	 -4.58 	 15.26 	 25.000000
	 1.37 	 -4.61 	 15.27 	 25.000000
	 1.32 	 -4.64 	 15.28 	 25.000000
	 1.27 	 -4.66 	 15.29 	 25.000000
	 1.23 	 -4.69 	 15.30 	 25.000000
	 1.18 	 -4.71 	 15.31 	 25.000000
	 1.13 	 -4.74 	 15.32 	 25.000000
	 1.08 	 -4.76 	 15.33 	 25.000000
	 1.04 	 -4.78 	 15.34 	 25.000000
	 0.99 	 -4.80 	 15.35 	 25.000000
	 0.94 	 -4.82 	 15.36 	 25.000000
	 0.89 	 -4.84 	 15.37 	 25.000000
	 0.84 	 -4.86 	 15.38 	 25.000000
	 0.79 	 -4.87 	 15.39 	 25.000000
	 0.75 	 -4.89 	 15.40 	 25.000000
	 0.70 	 -4.90 	 15.41 	 25.000000
	 0.65 	 -4.92 	 15.42 	 25.000000
	 0.60 	 -4.93 	 15.43 	 25.000000
	 0.55 	 -4.94 	 15.44 	 25.000000
	 0.50 	 -4.95 	 15.45 	 25.000000
	 0.45 	 -4.96 	 15.46 	 25.000000
	 0.40 	 -4.97 	 15.47 	 25.000000
	 0.35 	 -4.98 	 15.48 	 25.000000
	 0.30 	 -4.98 	 15.49 	 25.000000
	 0.25 	 -4.99 	 15.50 	 25.000000
	 0.20 	 -4.99 	 15.51 	 25.000000
	 0.15 	 -5.00 	 15.52 	 25.000000
	 0.10 	 -5.00 	 15.53 	 25.000000
	 0.05 	 -5.00 	 15.54 	 25.000000
	 0.00 	 -5.00 	 15.55 	 25.000000
	 -0.05 	 -5.00 	 15.56 	 25.000000
	 -0.10 	 -5.00 	 15.57 	 25.000000
	 -0.15 	 -5.00 	 15.58 	 25.000000
	 -0.20 	 -4.99 	 15.59 	 25.000000
	 -0.25 	 -4.99 	 15.60 	 25.000000
	 -0.30 	 -4.98 	 15.61 	 25.000000
	 -0.35 	 -4.98 	 15.62 	 25.000000
	 -0.40 	 -4.97 	 15.63 	 25.000000
	 -0.45 	 -4.96 	 15.64 	 25.000000
	 -0.50 	 -4.95 	 15.65 	 25.000000
	 -0.55 	 -4.94 	 15.66 	 25.000000
	 -0.60 	 -4.93 	 15.67 	 25.000000
	 -0.64 	 -4.92 	 15.68 	 25.000000
	 -0.69 	 -4.90 	 15.69 	 25.000000
	 -0.74 	 -4.89 	 15.70 	 25.000000
	 -0.79 	 -4.87 	 15.71 	 25.000000
	 -0.84 	 -4.86 	 15.72 	 25.000000
	 -0.89 	 -4.84 	 15.73 	 25.000000
	 -0.94 	 -4.82 	 15.74 	 25.000000
	 -0.99 	 -4.80 	 15.75 	 25.000000
	 -1.03 	 -4.78 	 15.76 	 25.000000
	 -1.08 	 -4.76 	 15.77 	 25.000000
	 -1.13 	 -4.74 	 15.78 	 25.000000
	 -1.18 	 -4.72 	 15.79 	 25.000000
	 -1.22 	 -4.69 	 15.80 	 25.000000
	 -1.27 	 -4.67 	 15.81 	 25.000000
	 -1.32 	 -4.64 	 15.82 	 25.000000
	 -1.36 	 -4.61 	 15.83 	 25.000000
	 -1.41 	 -4.59 	 15.84 	 25.000000
	 -1.45 	 -4.56 	 15.85 	 25.000000
	 -1.50 	 -4.53 	 15.86 	 25.000000
	 -1.54 	 -4.50 	 15.87 	 25.000000
	 -1.59 	 -4.47 	 15.88 	 25.000000
	 -1.63 	 -4.43 	 15.89 	 25.000000
	 -1.68 	 -4.40 	 15.90 	 25.000000
	 -1.72 	 -4.37 	 15.91 	 25.000000
	 -1.77 	 -4.33 	 15.92 	 25.000000
	 -1.81 	 -4.30 	 15.93 	 25.000000
	 -1.85 	 -4.26 	 15.94 	 25.000000
	 -1.89 	 -4.22 	 15.95 	 25.000000
	 -1.94 	 -4.18 	 15.96 	 25.000000
	 -1.98 	 -4.15 	 15.97 	 25.000000
	 -2.02 	 -4.11 	 15.98 	 25.000000
	 -2.06 	 -4.06 	 15.99 	 25.000000
	 -2.10 	 -4.02 	 16.00 	 25.000000
	 -2.14 	 -3.98 	 16.01 	 25.000000
	 -2.18 	 -3.94 	 16.02 	 25.000000
	 -2.22 	 -3.89 	 16.03 	 25.000000
	 -2.26 	 -3.85 	 16.04 	 25.000000
	 -2.30 	 -3.80 	 16.05 	 25.000000
	 -2.33 	 -3.76 	 16.06 	 25.000000
	 -2.37 	 -3.71 	 16.07 	 25.000000
	 -2.41 	 -3.66 	 16.08 	 25.000000
	 -2.44 	 -3.61 	 16.09 	 25.000000
	 -2.48 	 -3.56 	 16.10 	 25.000000
	 -2.52 	 -3.51 	 16.11 	 25.000000
	 -2.55 	 -3.46 	 16.12 	 25.000000
	 -2.58 	 -3.41 	 16.13 	 25.000000
	 -2.62 	 -3.36 	 16.14 	 25.000000
	 -2.65 	 -3.31 	 16.15 	 25.000000
	 -2.68 	 -3.25 	 16.16 	 25.000000
	 -2.72 	 -3.20 	 16.17 	 25.000000
	 -2.75 	 -3.15 	 16.18 	 25.000000
	 -2.78 	 -3.09 	 16.19 	 25.000000
	 -2.81 	 -3.03 	 16.20 	 25.000000
	 -2.84 	 -2.98 	 16.21 	 25.000000
	 -2.87 	 -2.92 	 16.22 	 25.000000
	 -2.90 	 -2.86 	 16.23 	 25.000000
	 -2.93 	 -2.80 	 16.24 	 25.000000
	 -2.95 	 -2.75 	 16.25 	 25.000000
	 -2.98 	 -2.69 	 16.26 	 25.000000
	 -3.01 	 -2.63 	 16.27 	 25.000000
	 -3.03 	 -2.57 	 16.28 	 25.000000
	 -3.06 	 -2.51 	 16.29 	 25.000000
	 -3.08 	 -2.44 	 16.30 	 25.000000
	 -3.11 	 -2.38 	 16.31 	 25.000000
	 -3.13 	 -2.32 	 16.32 	 25.000000
	 -3.16 	 -2.26 	 16.33 	 25.000000
	 -3.18 	 -2.19 	 16.34 	 25.000000
	 -3.20 	 -2.13 	 16.35 	 25.000000
	 -3.22 	 -2.07 	 16.36 	 25.000000
	 -3.24 	 -2.00 	 16.37 	 25.000000
	 -3.26 	 -1.94 	 16.38 	 25.000000
	 -3.28 	 -1.87 	 16.39 	 25.000000
	 -3.30 	 -1.80 	 16.40 	 25.000000
	 -3.31 	 -1.74 	 16.41 	 25.000000
	 -3.33 	 -1.67 	 16.42 	 25.000000
	 -3.35 	 -1.61 	 16.43 	 25.000000
	 -3.36 	 -1.54 	 16.44 	 25.000000
	 -3.38 	 -1.47 	 16.45 	 25.000000
	 -3.39 	 -1.40 	 16.46 	 25.000000
	 -3.41 	 -1.33 	 16.47 	 25.000000
	 -3.42 	 -1.27 	 16.48 	 25.000000
	 -3.43 	 -1.20 	 16.49 	 25.000000
	 -3.44 	 -1.13 	 16.50 	 25.000000
	 -3.46 	 -1.06 	 16.51 	 25.000000
	 -3.47 	 -0.99 	 16.52 	 25.000000
	 -3.47 	 -0.92 	 16.53 	 25.000000
	 -3.48 	 -0.85 	 16.54 	 25.000000
	 -3.49 	 -0.78 	 16.55 	 25.000000
	 -3.50 	 -0.71 	 16.56 	 25.000000
	 -3.51 	 -0.64 	 16.57 	 25.000000
	 -3.51 	 -0.57 	 16.58 	 25.000000
	 -3.52 	 -0.50 	 16.59 	 25.000000
	 -3.52 	 -0.43 	 16.60 	 25.000000
	 -3.53 	 -0.36 	 16.61 	 25.000000
	 -3.53 	 -0.29 	 16.62 	 25.000000
	 -3.53 	 -0.22 	 16.63 	 25.000000
	 -3.53 	 -0.15 	 16.64 	 25.000000
	 -3.54 	 -0.08 	 16.65 	 25.000000
	 -3.54 	 -0.01 	 16.66 	 25.000000
	 -3.54 	 0.06 	 16.67 	 25.000000
	 -3.53 	 0.13 	 16.68 	 25.000000
	 -3.53 	 0.20 	 16.69 	 25.000000
	 -3.53 	 0.28 	 16.70 	 25.000000
	 -3.53 	 0.35 	 16.71 	 25.000000
	 -3.52 	 0.42 	 16.72 	 25.000000
	 -3.52 	 0.49 	 16.73 	 25.000000
	 -3.51 	 0.56 	 16.74 	 25.000000
	 -3.51 	 0.63 	 16.75 	 25.000000
	 -3.50 	 0.70 	 16.76 	 25.000000
	 -3.49 	 0.77 	 16.77 	 25.000000
	 -3.49 	 0.84 	 16.78 	 25.000000
	 -3.48 	 0.91 	 16.79 	 25.000000
	 -3.47 	 0.98 	 16.80 	 25.000000
	 -3.46 	 1.05 	 16.81 	 25.000000
	 -3.45 	 1.11 	 16.82 	 25.000000
	 -3.44 	 1.18 	 16.83 	 25.000000
	 -3.42 	 1.25 	 16.84 	 25.000000
	 -3.41 	 1.32 	 16.85 	 25.000000
	 -3.40 	 1.39 	 16.86 	 25.000000
	 -3.38 	 1.46 	 16.87 	 25.000000
	 -3.37 	 1.52 	 16.88 	 25.000000
	 -3.35 	 1.59 	 16.89 	 25.000000
	 -3.34 	 1.66 	 16.90 	 25.000000
	 -3.32 	 1.72 	 16.91 	 25.000000
	 -3.30 	 1.79 	 16.92 	 25.000000
	 -3.28 	 1.86 	 16.93 	 25.000000
	 -3.26 	 1.92 	 16.94 	 25.000000
	 -3.24 	 1.99 	 16.95 	 25.000000
	 -3.22 	 2.05 	 16.96 	 25.000000
	 -3.20 	 2.12 	 16.97 	 25.000000
	 -3.18 	 2.18 	 16.98 	 25.000000
	 -3.16 	 2.24 	 16.99 	 25.000000
	 -3.14 	 2.31 	 17.00 	 25.000000
	 -3.11 	 2.37 	 17.01 	 25.000000
	 -3.09 	 2.43 	 17.02 	 25.000000
	 -3.07 	 2.49 	 17.03 	 25.000000
	 -3.04 	 2.55 	 17.04 	 25.000000
	 -3.01 	 2.61 	 17.05 	 25.000000
	 -2.99 	 2.67 	 17.06 	 25.000000
	 -2.96 	 2.73 	 17.07 	 25.000000
	 -2.93 	 2.79 	 17.08 	 25.000000
	 -2.90 	 2.85 	 17.09 	 25.000000
	 -2.88 	 2.91 	 17.10 	 25.000000
	 -2.85 	 2.97 	 17.11 	 25.000000
	 -2.82 	 3.02 	 17.12 	 25.000000
	 -2.79 	 3.08 	 17.13 	 25.000000
	 -2.76 	 3.13 	 17.14 	 25.000000
	 -2.72 	 3.19 	 17.15 	 25.000000
	 -2.69 	 3.24 	 17.16 	 25.000000
	 -2.66 	 3.30 	 17.17 	 25.000000
	 -2.63 	 3.35 	 17.18 	 25.000000
	 -2.59 	 3.40 	 17.19 	 25.000000
	 -2.56 	 3.45 	 17.20 	 25.000000
	 -2.52 	 3.50 	 17.21 	 25.000000
	 -2.49 	 3.55 	 17.22 	 25.000000
	 -2.45 	 3.60 	 17.23 	 25.000000
	 -2.42 	 3.65 	 17.24 	 25.000000
	 -2.38 	 3.70 	 17.25 	 25.000000
	 -2.34 	 3.75 	 17.26 	 25.000000
	 -2.30 	 3.79 	 17.27 	 25.000000
	 -2.27 	 3.84 	 17.28 	 25.000000
	 -2.23 	 3.88 	 17.29 	 25.000000
	 -2.19 	 3.93 	 17.30 	 25.000000
	 -2.15 	 3.97 	 17.31 	 25.000000
	 -2.11 	 4.01 	 17.32 	 25.000000
	 -2.07 	 4.06 	 17.33 	 25.000000
	 -2.03 	 4.10 	 17.34 	 25.000000
	 -1.99 	 4.14 	 17.35 	 25.000000
	 -1.94 	 4.18 	 17.36 	 25.000000
	 -1.90 	 4.21 	 17.37 	 25.000000
	 -1.86 	 4.25 	 17.38 	 25.000000
	 -1.82 	 4.29 	 17.39 	 25.000000
	 -1.77 	 4.32 	 17.40 	 25.000000
	 -1.73 	 4.36 	 17.41 	 25.000000
	 -1.69 	 4.39 	 17.42 	 25.000000
	 -1.64 	 4.43 	 17.43 	 25.000000
	 -1.60 	 4.46 	 17.44 	 25.000000
	 -1.55 	 4.49 	 17.45 	 25.000000
	 -1.51 	 4.52 	 17.46 	 25.000000
	 -1.46 	 4.55 	 17.47 	 25.000000
	 -1.42 	 4.58 	 17.48 	 25.000000
	 -1.37 	 4.61 	 17.49 	 25.000000
	 -1.33 	 4.64 	 17.50 	 25.000000
	 -1.28 	 4.66 	 17.51 	 25.000000
	 -1.23 	 4.69 	 17.52 	 25.000000
	 -1.19 	 4.71 	 17.53 	 25.000000
	 -1.14 	 4.73 	 17.54 	 25.000000
	 -1.09 	 4.76 	 17.55 	 25.000000
	 -1.04 	 4.78 	 17.56 	 25.000000
	 -1.00 	 4.80 	 17.57 	 25.000000
	 -0.95 	 4.82 	 17.58 	 25.000000
	 -0.90 	 4.84 	 17.59 	 25.000000
	 -0.85 	 4.85 	 17.60 	 25.000000
	 -0.80 	 4.87 	 17.61 	 25.000000
	 -0.75 	 4.89 	 17.62 	 25.000000
	 -0.70 	 4.90 	 17.63 	 25.000000
	 -0.66 	 4.91 	 17.64 	 25.000000
	 -0.61 	 4.93 	 17.65 	 25.000000
	 -0.56 	 4.94 	 17.66 	 25.000000
	 -0.51 	 4.95 	 17.67 	 25.000000
	 -0.46 	 4.96 	 17.68 	 25.000000
	 -0.41 	 4.97 	 17.69 	 25.000000
	 -0.36 	 4.97 	 17.70 	 25.000000
	 -0.31 	 4.98 	 17.71 	 25.000000
	 -0.26 	 4.99 	 17.72 	 25.000000
	 -0.21 	 4.99 	 17.73 	 25.000000
	 -0.16 	 4.99 	 17.74 	 25.000000
	 -0.11 	 5.00 	 17.75 	 25.000000
	 -0.06 	 5.00 	 17.76 	 25.000000
	 -0.01 	 5.00 	 17.77 	 25.000000
	 0.04 	 5.00 	 17.78 	 25.000000
	 0.09 	 5.00 	 17.79 	 25.000000
	 0.14 	 5.00 	 17.80 	 25.000000
	 0.19 	 4.99 	 17.81 	 25.000000
	 0.24 	 4.99 	 17.82 	 25.000000
	 0.29 	 4.98 	 17.83 	 25.000000
	 0.34 	 4.98 	 17.84 	 25.000000
	 0.39 	 4.97 	 17.85 	 25.000000
	 0.44 	 4.96 	 17.86 	 25.000000
	 0.49 	 4.95 	 17.87 	 25.000000
	 0.54 	 4.94 	 17.88 	 25.000000
	 0.59 	 4.93 	 17.89 	 25.000000
	 0.64 	 4.92 	 17.90 	 25.000000
	 0.69 	 4.90 	 17.91 	 25.000000
	 0.74 	 4.89 	 17.92 	 25.000000
	 0.78 	 4.88 	 17.93 	 25.000000
	 0.83 	 4.86 	 17.94 	 25.000000
	 0.88 	 4.84 	 17.95 	 25.000000
	 0.93 	 4.82 	 17.96 	 25.000000
	 0.98 	 4.80 	 17.97 	 25.000000
	 1.03 	 4.78 	 17.98 	 25.000000
	 1.07 	 4.76 	 17.99 	 25.000000
	 1.12 	 4.74 	 18.00 	 25.000000
	 1.17 	 4.72 	 18.01 	 25.000000
	 1.22 	 4.70 	 18.02 	 25.000000
	 1.26 	 4.67 	 18.03 	 25.000000
	 1.31 	 4.64 	 18.04 	 25.000000
	 1.36 	 4.62 	 18.05 	 25.000000
	 1.40 	 4.59 	 18.06 	 25.000000
	 1.45 	 4.56 	 18.07 	 25.000000
	 1.49 	 4.53 	 18.08 	 25.000000
	 1.54 	 4.50 	 18.09 	 25.000000
	 1.58 	 4.47 	 18.10 	 25.000000
	 1.63 	 4.44 	 18.11 	 25.000000
	 1.67 	 4.41 	 18.12 	 25.000000
	 1.72 	 4.37 	 18.13 	 25.000000
	 1.76 	 4.34 	 18.14 	 25.000000
	 1.80 	 4.30 	 18.15 	 25.000000
	 1.84 	 4.27 	 18.16 	 25.000000
	 1.89 	 4.23 	 18.17 	 25.000000
	 1.93 	 4.19 	 18.18 	 25.000000
	 1.97 	 4.15 	 18.19 	 25.000000
	 2.01 	 4.11 	 18.20 	 25.000000
	 2.05 	 4.07 	 18.21 	 25.000000
	 2.09 	 4.03 	 18.22 	 25.000000
	 2.13 	 3.99 	 18.23 	 25.000000
	 2.17 	 3.94 	 18.24 	 25.000000
	 2.21 	 3.90 	 18.25 	 25.000000
	 2.25 	 3.86 	 18.26 	 25.000000
	 2.29 	 3.81 	 18.27 	 25.000000
	 2.33 	 3.76 	 18.28 	 25.000000
	 2.37 	 3.72 	 18.29 	 25.000000
	 2.40 	 3.67 	 18.30 	 25.000000
	 2.44 	 3.62 	 18.31 	 25.000000
	 2.47 	 3.57 	 18.32 	 25.000000
	 2.51 	 3.52 	 18.33 	 25.000000
	 2.54 	 3.47 	 18.34 	 25.000000
	 2.58 	 3.42 	 18.35 	 25.000000
	 2.61 	 3.37 	 18.36 	 25.000000
	 2.65 	 3.32 	 18.37 	 25.000000
	 2.68 	 3.26 	 18.38 	 25.000000
	 2.71 	 3.21 	 18.39 	 25.000000
	 2.74 	 3.15 	 18.40 	 25.000000
	 2.77 	 3.10 	 18.41 	 25.000000
	 2.81 	 3.04 	 18.42 	 25.000000
	 2.84 	 2.99 	 18.43 	 25.000000
	 2.87 	 2.93 	 18.44 	 25.000000
	 2.89 	 2.87 	 18.45 	 25.000000
	 2.92 	 2.81 	 18.46 	 25.000000
	 2.95 	 2.75 	 18.47 	 25.000000
	 2.98 	 2.70 	 18.48 	 25.000000
	 3.00 	 2.64 	 18.49 	 25.000000
	 3.03 	 2.58 	 18.50 	 25.000000
	 3.06 	 2.51 	 18.51 	 25.000000
	 3.08 	 2.45 	 18.52 	 25.000000
	 3.11 	 2.39 	 18.53 	 25.000000
	 3.13 	 2.33 	 18.54 	 25.000000
	 3.15 	 2.27 	 18.55 	 25.000000
	 3.17 	 2.20 	 18.56 	 25.000000
	 3.20 	 2.14 	 18.57 	 25.000000
	 3.22 	 2.07 	 18.58 	 25.000000
	 3.24 	 2.01 	 18.59 	 25.000000
	 3.26 	 1.95 	 18.60 	 25.000000
	 3.28 	 1.88 	 18.61 	 25.000000
	 3.29 	 1.81 	 18.62 	 25.000000
	 3.31 	 1.75 	 18.63 	 25.000000
	 3.33 	 1.68 	 18.64 	 25.000000
	 3.35 	 1.61 	 18.65 	 25.000000
	 3.36 	 1.55 	 18.66 	 25.000000
	 3.38 	 1.48 	 18.67 	 25.000000
	 3.39 	 1.41 	 18.68 	 25.000000
	 3.41 	 1.34 	 18.69 	 25.000000
	 3.42 	 1.28 	 18.70 	 25.000000
	 3.43 	 1.21 	 18.71 	 25.000000
	 3.44 	 1.14 	 18.72 	 25.000000
	 3.45 	 1.07 	 18.73 	 25.000000
	 3.46 	 1.00 	 18.74 	 25.000000
	 3.47 	 0.93 	 18.75 	 25.000000
	 3.48 	 0.86 	 18.76 	 25.000000
	 3.49 	 0.79 	 18.77 	 25.000000
	 3.50 	 0.72 	 18.78 	 25.000000
	 3.51 	 0.65 	 18.79 	 25.000000
	 3.51 	 0.58 	 18.80 	 25.000000
	 3.52 	 0.51 	 18.81 	 25.000000
	 3.52 	 0.44 	 18.82 	 25.000000
	 3.53 	 0.37 	 18.83 	 25.000000
	 3.53 	 0.30 	 18.84 	 25.000000
	 3.53 	 0.23 	 18.85 	 25.000000
	 3.53 	 0.16 	 18.86 	 25.000000
	 3.53 	 0.09 	 18.87 	 25.000000
	 3.54 	 0.02 	 18.88 	 25.000000
	 3.54 	 -0.05 	 18.89 	 25.000000
	 3.53 	 -0.12 	 18.90 	 25.000000
	 3.53 	 -0.19 	 18.91 	 25.000000
	 3.53 	 -0.26 	 18.92 	 25.000000
	 3.53 	 -0.34 	 18.93 	 25.000000
	 3.52 	 -0.41 	 18.94 	 25.000000
	 3.52 	 -0.48 	 18.95 	 25.000000
	 3.51 	 -0.55 	 18.96 	 25.000000
	 3.51 	 -0.62 	 18.97 	 25.000000
	 3.50 	 -0.69 	 18.98 	 25.000000
	 3.49 	 -0.76 	 18.99 	 25.000000
	 3.49 	 -0.83 	 19.00 	 25.000000
	 3.48 	 -0.90 	 19.01 	 25.000000
	 3.47 	 -0.97 	 19.02 	 25.000000
	 3.46 	 -1.03 	 19.03 	 25.000000
	 3.45 	 -1.10 	 19.04 	 25.000000
	 3.44 	 -1.17 	 19.05 	 25.000000
	 3.42 	 -1.24 	 19.06 	 25.000000
	 3.41 	 -1.31 	 19.07 	 25.000000
	 3.40 	 -1.38 	 19.08 	 25.000000
	 3.38 	 -1.45 	 19.09 	 25.000000
	 3.37 	 -1.51 	 19.10 	 25.000000
	 3.35 	 -1.58 	 19.11 	 25.000000
	 3.34 	 -1.65 	 19.12 	 25.000000
	 3.32 	 -1.71 	 19.13 	 25.000000
	 3.30 	 -1.78 	 19.14 	 25.000000
	 3.29 	 -1.85 	 19.15 	 25.000000
	 3.27 	 -1.91 	 19.16 	 25.000000
	 3.25 	 -1.98 	 19.17 	 25.000000
	 3.23 	 -2.04 	 19.18 	 25.000000
	 3.21 	 -2.11 	 19.19 	 25.000000
	 3.19 	 -2.17 	 19.20 	 25.000000
	 3.16 	 -2.23 	 19.21 	 25.000000
	 3.14 	 -2.30 	 19.22 	 25.000000
	 3.12 	 -2.36 	 19.23 	 25.000000
	 3.09 	 -2.42 	 19.24 	 25.000000
	 3.07 	 -2.48 	 19.25 	 25.000000
	 3.04 	 -2.54 	 19.26 	 25.000000
	 3.02 	 -2.60 	 19.27 	 25.000000
	 2.99 	 -2.66 	 19.28 	 25.000000
	 2.96 	 -2.72 	 19.29 	 25.000000
	 2.94 	 -2.78 	 19.30 	 25.000000
	 2.91 	 -2.84 	 19.31 	 25.000000
	 2.88 	 -2.90 	 19.32 	 25.000000
	 2.85 	 -2.96 	 19.33 	 25.000000
	 2.82 	 -3.01 	 19.34 	 25.000000
	 2.79 	 -3.07 	 19.35 	 25.000000
	 2.76 	 -3.13 	 19.36 	 25.000000
	 2.73 	 -3.18 	 19.37 	 25.000000
	 2.70 	 -3.23 	 19.38 	 25.000000
	 2.66 	 -3.29 	 19.39 	 25.000000
	 2.63 	 -3.34 	 19.40 	 25.000000
	 2.60 	 -3.39 	 19.41 	 25.000000
	 2.56 	 -3.44 	 19.42 	 25.000000
	 2.53 	 -3.50 	 19.43 	 25.000000
	 2.49 	 -3.55 	 19.44 	 25.000000
	 2.46 	 -3.60 	 19.45 	 25.000000
	 2.42 	 -3.64 	 19.46 	 25.000000
	 2.38 	 -3.69 	 19.47 	 25.000000
	 2.35 	 -3.74 	 19.48 	 25.000000
	 2.31 	 -3.79 	 19.49 	 25.000000
	 2.27 	 -3.83 	 19.50 	 25.000000
	 2.23 	 -3.88 	 19.51 	 25.000000
	 2.19 	 -3.92 	 19.52 	 25.000000
	 2.15 	 -3.96 	 19.53 	 25.000000
	 2.11 	 -4.01 	 19.54 	 25.000000
	 2.07 	 -4.05 	 19.55 	 25.000000
	 2.03 	 -4.09 	 19.56 	 25.000000
	 1.99 	 -4.13 	 19.57 	 25.000000
	 1.95 	 -4.17 	 19.58 	 25.000000
	 1.91 	 -4.21 	 19.59 	 25.000000
	 1.87 	 -4.25 	 19.60 	 25.000000
	 1.82 	 -4.28 	 19.61 	 25.000000
	 1.78 	 -4.32 	 19.62 	 25.000000
	 1.74 	 -4.35 	 19.63 	 25.000000
	 1.69 	 -4.39 	 19.64 	 25.000000
	 1.65 	 -4.42 	 19.65 	 25.000000
	 1.61 	 -4.45 	 19.66 	 25.000000
	 1.56 	 -4.49 	 19.67 	 25.000000
	 1.52 	 -4.52 	 19.68 	 25.000000
	 1.47 	 -4.55 	 19.69 	 25.000000
	 1.42 	 -4.58 	 19.70 	 25.000000
	 1.38 	 -4.60 	 19.71 	 25.000000
	 1.33 	 -4.63 	 19.72 	 25.000000
	 1.29 	 -4.66 	 19.73 	 25.000000
	 1.24 	 -4.68 	 19.74 	 25.000000
	 1.19 	 -4.71 	 19.75 	 25.000000
	 1.15 	 -4.73 	 19.76 	 25.000000
	 1.10 	 -4.75 	 19.77 	 25.000000
	 1.05 	 -4.77 	 19.78 	 25.000000
	 1.00 	 -4.79 	 19.79 	 25.000000
	 0.95 	 -4.81 	 19.80 	 25.000000
	 0.91 	 -4.83 	 19.81 	 25.000000
	 0.86 	 -4.85 	 19.82 	 25.000000
	 0.81 	 -4.87 	 19.83 	 25.000000
	 0.76 	 -4.88 	 19.84 	 25.000000
	 0.71 	 -4.90 	 19.85 	 25.000000
	 0.66 	 -4.91 	 19.86 	 25.000000
	 0.61 	 -4.92 	 19.87 	 25.000000
	 0.56 	 -4.94 	 19.88 	 25.000000
	 0.51 	 -4.95 	 19.89 	 25.000000
	 0.47 	 -4.96 	 19.90 	 25.000000
	 0.42 	 -4.97 	 19.91 	 25.000000
	 0.37 	 -4.97 	 19.92 	 25.000000
	 0.32 	 -4.98 	 19.93 	 25.000000
	 0.27 	 -4.99 	 19.94 	 25.000000
	 0.22 	 -4.99 	 19.95 	 25.000000
	 0.17 	 -4.99 	 19.96 	 25.000000
	 0.12 	 -5.00 	 19.97 	 25.000000
	 0.07 	 -5.00 	 19.98 	 25.000000
	 0.02 	 -5.00 	 19.99 	 25.000000
	 -0.03 	 -5.00 	 20.00 	 25.000000
