-224
238
-62
-28
174
78
54
220
-36
-134
-14
8
146
32
60
-86
-128
38
132
-22
-88
-36
-34
-264
16
-30
118
-24
232
-32
-88
14
8
122
54
-8
-190
-62
62
2
18
-130
42
-8
-28
96
74
-56
-166
42
56
78
110
-66
88
54
28
-212
98
22
-104
168
148
56
28
-62
42
-64
112
38
-126
6
-104
-138
12
116
40
114
-196
-92
96
46
-20
40
116
22
-44
-22
110
-14
308
-252
-116
-46
-82
-148
-122
-54
66
-68
38
-214
-100
114
28
122
-6
-14
-8
50
-142
-140
-166
50
200
36
58
-146
28
-82
128
138
-84
70
-112
20
36
-58
22
-182
-268
10
-82
-262
192
-112
-18
36
36
-220
112
-2
-126
-84
-54
-60
-168
-14
96
-100
-94
-178
28
-106
52
128
-100
84
12
82
28
278
-122
-106
-240
44
-52
110
-16
124
-50
22
16
-28
-88
32
-20
48
148
-38
-62
-58
-106
-34
18
-76
-4
106
42
-84
-208
-250
16
120
-74
-24
-176
198
-84
-56
48
54
-134
-166
-28
-58
52
-68
114
-4
-80
120
-116
-116
-64
-92
38
-112
-114
132
62
42
90
240
38
-28
-16
-66
-24
196
80
-132
-164
4
-116
-156
152
-80
-92
-92
8
40
-192
162
-60
130
48
14
-54
176
-14
50
42
14
126
146
-148
-46
-190
-98
-54
-270
14
-74
6
54
-50
-86
-80
-2
108
-4
-46
-128
-80
-184
34
98
-130
4
-56
-140
122
-116
-24
34
-72
-2
188
-38
44
50
106
142
-104
100
54
-44
-14
0
-196
-66
-60
-138
-44
-28
18
82
-74
46
128
-90
134
-64
84
150
122
-20
218
22
88
-70
-44
96
46
-14
146
16
88
-60
94
-102
136
-212
84
-96
116
114
-132
144
-12
-48
-32
4
58
-68
120
-60
260
-72
20
46
42
62
76
-50
64
12
34
110
-206
16
110
62
-6
-100
-82
60
-38
80
4
34
-86
8
-82
212
-10
52
-50
-102
-190
-42
-14
166
42
-32
-8
172
-136
-68
18
88
26
282
82
-12
26
-56
90
170
-126
-96
-150
-24
-146
-84
0
-126
-140
-52
-154
70
-148
-138
-60
142
-152
106
120
60
98
-72
-18
-132
298
-42
214
-78
186
-262
-114
-132
-92
-110
276
68
114
22
108
22
30
188
-48
-72
-102
88
160
152
140
40
36
44
42
-2
82
-76
-188
28
162
116
-12
30
70
136
70
-2
102
54
46
70
202
62
-138
-42
-36
16
-64
118
-24
194
76
-94
-88
-102
12
-32
-120
54
-32
24
-10
222
22
-184
6
-316
-46
224
32
148
-20
128
74
184
-18
-20
50
-158
92
-68
70
160
208
-30
10
28
-46
190
92
156
-146
64
120
30
100
64
146
-152
-64
140
-42
154
-226
124
-124
-88
82
134
-72
-180
144
176
60
-150
160
-72
-14
-286
-60
-108
-188
-62
66
70
6
-98
44
160
-232
-162
-136
62
188
156
110
48
80
16
138
72
-146
-114
6
56
-8
266
50
-70
-52
54
-78
110
58
-150
-114
-10
-216
-18
-28
74
30
136
94
-210
108
2
-2
-30
-96
156
22
28
-172
62
-64
-80
206
-44
34
20
-184
178
-152
-96
-14
92
-192
-30
192
104
56
82
96
24
-180
0
80
-100
-46
-106
-172
-22
-178
102
-124
-14
58
168
80
-72
-116
32
86
10
98
48
72
-24
32
112
70
-28
-28
126
18
-44
118
88
-26
-110
22
54
-40
122
-28
66
92
88
90
68
120
-96
-136
14
82
60
-56
-48
-124
6
146
-62
10
104
224
-28
106
-84
46
76
78
32
-2
28
-24
-2
124
116
88
230
-26
-96
-110
-104
54
304
240
-16
80
136
72
-98
240
-28
-36
-14
-62
58
-14
244
-28
66
96
-120
84
56
132
-44
86
296
-150
-124
38
-132
-88
22
124
-144
94
-100
284
6
36
30
62
-92
2
182
56
-122
-232
64
-126
112
8
98
18
92
10
28
-46
54
74
54
-52
-84
92
52
54
24
-72
54
26
-108
-2
6
-66
-178
-26
-92
-52
-262
4
60
-40
110
-96
-172
-68
-84
-52
36
-42
-52
4
82
138
114
114
14
20
4
-146
-124
68
-112
20
-38
12
-112
-2
94
-94
-66
-76
-10
90
74
-86
8
26
-72
-112
-14
-60
88
-44
-114
12
50
-62
-220
-66
-12
-14
110
88
-176
-78
116
8
14
-142
136
-186
-106
-24
2
-48
-40
-138
-164
112
110
192
42
-40
144
38
-118
-62
52
-28
-142
-16
-24
-136
108
222
-58
14
-2
62
-74
-90
-176
-6
-118
254
-54
74
-54
42
48
-42
-82
58
-84
116
-62
-138
118
-136
74
-32
6
-22
116
-108
-96
-46
-72
166
-44
54
-212
74
-130
4
46
4
214
72
-18
-188
228
-24
-14
-84
-210
12
-10
204
296
166
96
204
-216
-10
-96
24
-22
-2
-126
-70
2
36
146
-214
102
-46
-66
56
24
94
88
142
-80
-40
-120
-48
-70
-120
26
-66
-106
-74
160
74
-26
-2
54
-90
-144
-28
-164
16
-54
-316
104
-144
-136
-116
-30
60
-114
10
226
38
-22
-136
-180
-144
296
162
54
14
70
16
-18
-160
-42
46
474
130
-176
56
48
-80
-82
