2
70
6
-20
82
-26
-32
-12
-90
14
-36
-28
18
44
-14
32
-18
-20
-48
36
-16
98
-62
-12
24
-40
-34
-18
2
22
72
20
58
-82
36
16
-4
14
86
66
2
-4
52
26
-20
12
26
6
10
20
-64
-10
-10
-28
44
28
18
-64
24
-2
-20
-62
20
12
4
32
-30
44
-36
16
-34
-88
54
-24
4
8
-8
-10
-30
-6
-54
-48
-30
-4
-2
44
38
-16
0
-26
24
14
-72
16
0
16
-8
-2
6
32
50
-18
-6
-108
-12
-34
34
-92
18
20
4
-6
-38
-18
-34
-18
-10
34
-4
-4
-50
14
62
-26
-36
-30
-50
44
-2
-40
8
-56
80
-2
26
40
56
74
114
22
-50
64
-16
30
-66
50
-52
-12
6
16
-42
34
72
18
16
-70
-6
26
58
4
8
-48
0
-18
76
8
-40
42
12
64
-54
-64
48
-42
70
20
-14
-34
76
4
-8
-42
-20
-88
10
-24
84
66
26
-24
8
46
30
-4
6
-20
10
-42
22
-106
-22
2
48
22
26
24
88
-18
28
-20
-56
50
-60
12
42
-10
102
4
-50
-70
44
-22
-6
-52
72
-18
26
36
-16
-8
72
-32
-36
38
2
-48
38
-50
46
36
6
2
26
-22
-40
22
104
-48
-12
48
-36
40
40
-78
26
14
6
-30
-44
4
22
-12
20
-28
-50
18
-74
8
-70
2
28
6
16
-30
-8
82
24
60
-20
-40
114
-34
20
12
4
-78
56
-98
2
32
-32
22
-48
58
-18
48
56
-14
48
16
-20
-32
82
-6
40
-26
-12
-2
-30
-38
34
18
18
88
34
136
-48
-122
56
16
-30
64
-50
10
2
-12
-14
-22
-34
20
-80
36
-8
82
0
26
-46
-14
-38
-22
28
6
20
36
14
82
-28
-66
20
-36
-66
20
4
-26
6
-24
-22
-22
20
24
54
2
-4
-6
-38
74
-6
-26
-24
-72
50
58
2
-68
6
-72
-14
-58
34
56
34
-30
14
30
-12
26
-16
20
18
-58
-32
10
-26
74
50
-24
4
-82
10
-4
-72
4
96
-28
16
-28
6
32
-4
-26
10
54
-36
20
-16
-34
54
-62
16
-26
12
112
-14
-60
36
-44
12
82
-12
48
-36
-20
-70
-16
40
0
-14
-42
-28
78
28
-16
2
-14
24
2
-2
46
24
90
20
-34
-20
-28
-26
-14
-2
18
-46
10
4
26
-42
-6
-10
-46
-16
28
-32
20
-18
-66
-4
20
12
-18
42
-8
28
44
36
-54
48
24
-26
-64
-52
-2
4
-12
-2
66
-2
56
38
56
62
-112
-68
-46
14
40
26
-44
16
-28
-74
-14
16
-104
-8
-40
0
-74
26
-100
50
-48
-8
40
76
-46
68
-94
78
-20
-12
70
-34
-50
44
-14
-116
-40
-84
12
10
60
4
-54
94
48
-12
-32
72
0
12
96
-16
-70
12
80
34
26
-48
6
-30
0
-16
-4
-2
-10
4
54
-76
-28
28
32
2
-66
-62
52
8
-6
46
68
82
-24
-26
60
-52
-44
30
8
-16
-54
18
28
-90
-26
-90
14
84
-50
46
26
-76
-6
-62
-18
-74
-40
26
-52
0
-46
-30
50
72
-40
28
74
10
-26
36
-50
100
32
-6
10
12
-46
20
90
-8
22
2
-14
34
-32
74
62
-18
-6
-38
-20
-42
-6
-24
-26
-26
-58
18
-18
42
-78
8
-16
-66
-14
-16
28
54
-86
-98
82
24
-26
-10
12
36
-16
-140
4
30
0
-82
-42
28
-32
-8
36
-18
-42
22
14
48
-10
-2
58
38
16
4
-4
6
-80
-104
48
38
22
100
-44
52
58
-102
-34
-12
-62
-26
72
66
22
-18
66
-52
54
-20
-72
14
92
26
20
26
12
-2
-40
2
-68
6
-2
-46
-50
80
-4
-20
42
46
-2
-36
46
2
22
70
-50
36
-42
6
16
8
8
28
20
-84
32
32
-76
22
82
-38
30
20
14
-58
50
-74
64
6
-46
-48
-44
-2
0
46
-44
14
-36
6
-68
14
70
80
-10
16
34
-6
-6
0
-52
-98
34
62
32
48
12
-6
-16
-20
36
-24
-14
-32
-68
-82
76
-32
62
52
36
30
24
52
120
22
2
-54
-46
48
2
54
6
-58
-66
-6
8
-24
12
0
8
64
16
-14
-34
-42
8
38
38
-60
36
2
-60
62
-28
-90
16
-60
30
-78
-54
-56
32
2
-10
94
48
16
26
-64
62
-52
76
76
4
-76
-78
46
8
-68
36
-8
-26
-46
4
4
-20
12
-26
-64
-26
-24
44
-26
-14
-104
2
-12
-48
-56
-38
-86
-28
-12
16
16
-18
14
-4
82
-80
70
-54
46
-6
-18
-32
-62
78
6
-42
42
4
-100
90
46
-12
-20
20
18
18
106
-6
-18
6
62
-50
-118
14
38
26
58
32
6
16
58
8
46
-28
-44
-78
42
-24
34
72
96
-44
32
54
-16
-4
22
-4
-24
32
52
50
-10
-92
-16
-56
-56
-70
-2
38
-4
-42
58
2
40
-28
-48
12
22
20
6
-10
26
24
18
-6
-8
-2
-38
-68
-74
-6
16
46
-46
72
-36
-14
-30
-50
-30
14
-58
-36
62
-4
-36
-50
-64
-28
-38
-2
50
48
12
28
32
8
