16
18
-24
26
22
0
-8
-30
-4
-8
42
2
-38
-20
36
10
-24
2
0
6
6
2
-12
22
-6
-12
18
10
24
8
2
10
-4
-6
-6
0
-16
-32
-22
-40
-16
-6
-4
-14
6
44
8
2
-8
18
-36
-4
-4
-12
18
-12
32
-34
2
-6
32
8
4
-32
6
10
-4
22
26
34
30
4
-24
0
10
12
-24
6
24
8
0
12
6
2
-4
2
20
4
20
-6
-2
10
20
-12
14
-44
8
22
-6
12
2
20
0
-18
12
18
8
30
2
-16
0
-24
-14
24
16
10
-48
2
-16
-24
-4
10
0
-2
-16
8
-16
-22
-4
10
12
26
22
-16
-14
-26
-2
-8
16
10
-14
30
-12
-6
22
-8
2
-8
20
-14
-14
10
6
10
6
-12
18
-16
18
24
-32
-30
10
16
14
-20
0
4
10
8
14
10
2
-2
-22
10
-18
20
-14
-26
-4
-4
6
6
-18
-36
12
14
32
10
4
6
-18
-16
-24
-42
-16
36
6
4
-22
-12
-40
6
18
6
-18
24
12
-4
10
-4
6
10
-10
2
-12
-8
-4
-8
-20
6
14
-4
28
-30
22
-6
-2
-12
18
28
2
10
-2
4
50
8
-4
6
6
0
-16
12
14
12
10
-20
30
4
-8
-10
-20
6
-30
-14
-4
-18
-30
-6
-18
6
-12
-20
0
12
-4
20
-20
18
-6
4
16
26
16
-12
4
6
4
-20
12
-24
-2
-16
10
28
14
10
14
10
-6
22
22
-12
4
4
0
-20
2
6
-14
-6
40
24
2
14
-2
14
6
-28
32
34
-14
4
-6
-6
-38
-12
10
-18
8
-24
16
18
-48
4
2
-6
-14
2
40
2
36
6
-4
30
0
4
-26
-2
-26
18
-2
10
4
4
-16
2
-30
-12
-8
28
10
-16
8
4
12
18
2
6
18
20
-18
18
-18
-28
-12
8
8
20
6
0
2
-20
18
36
-4
8
20
-12
-16
2
-32
0
20
-20
18
34
-14
18
0
-20
12
-14
10
16
24
8
30
12
2
-18
8
-20
8
-22
0
12
-12
-28
4
-2
12
24
0
14
-2
42
-2
10
-28
22
0
4
30
2
42
-10
-20
-6
-28
-2
-32
6
-12
-10
-8
14
22
30
12
-4
-2
10
-36
-40
18
-6
-6
6
-16
6
4
8
6
-4
-20
18
-10
-8
-6
-26
-14
-26
-10
22
-4
52
2
-6
-10
16
10
22
-10
-14
10
-12
4
2
-6
-2
12
-40
22
14
0
-14
0
-16
-10
-22
16
2
16
-26
-38
-4
-8
2
-8
-10
6
-16
16
14
2
22
0
4
6
10
-22
22
32
28
2
28
30
-8
-16
20
4
-22
10
-4
4
18
-32
2
-4
18
4
20
-10
26
12
22
-2
-2
-26
20
-4
-40
-32
18
30
-34
0
-8
40
0
12
-18
-4
-42
-4
-18
-4
-2
16
-2
-30
-14
8
10
-8
12
10
-4
24
-10
-12
10
16
26
34
40
24
-24
-8
0
-8
-2
-18
12
10
-6
10
8
-8
42
-12
20
-2
2
16
28
-6
-4
-30
8
-18
4
-26
52
-4
-40
8
-14
-24
-2
4
18
12
10
-20
2
0
-22
-36
24
14
-16
-14
-6
0
-18
16
32
20
0
12
-2
20
16
22
8
10
0
-18
-6
-30
-6
-8
-2
-24
-2
-28
10
-10
-6
-8
-2
6
-16
-8
-20
4
-6
6
6
8
-12
2
46
22
20
4
-24
6
6
-16
-38
22
32
4
-14
10
-26
10
32
2
28
-2
38
-4
14
2
2
10
-14
-8
-4
-10
12
16
-2
-18
-36
-2
-18
8
-14
2
-2
16
4
0
-18
40
-18
0
-30
12
2
34
-8
-12
2
16
16
20
34
18
12
12
0
-20
-28
8
-22
34
2
-4
8
54
-4
-2
-20
-16
-6
14
-4
-18
16
-8
-2
-32
2
-12
-4
16
-22
0
22
-2
32
4
-4
-8
-10
12
16
-6
-2
8
12
20
0
-26
12
-16
-16
-2
-36
6
2
14
-16
18
6
2
-8
0
38
-2
-6
2
8
4
-34
-18
-40
-8
14
-6
0
-12
-38
10
34
-24
20
8
24
14
-10
52
-6
-8
-6
24
12
14
-8
-28
-38
-10
-6
0
-24
14
-8
-24
26
22
4
-2
-18
-32
-8
-16
40
6
14
-8
28
6
-4
-16
12
-4
-6
22
4
-22
-10
6
4
-22
0
-20
6
14
4
2
-4
14
4
-28
-8
2
10
-14
-6
6
-12
16
-18
-10
-18
-22
-22
4
-26
-18
14
32
-32
10
0
-2
4
-6
-16
8
12
-24
8
-16
48
-8
14
-26
-12
-4
22
18
-34
8
22
-22
20
-6
6
-50
-14
4
-6
-18
28
2
14
12
-8
2
-22
40
-10
0
28
4
-16
-20
20
-20
4
16
-20
16
-20
-16
-32
-2
18
14
-30
-56
12
-14
0
-2
-8
-14
-4
8
8
-28
-18
8
-10
2
6
-22
-4
-10
-2
-20
12
22
-14
8
4
-12
26
4
22
16
-12
-4
-12
20
-16
18
-30
20
0
-8
12
-2
-14
12
-62
0
-14
-16
12
-28
-8
18
20
12
-6
16
-14
38
-10
-18
2
