-188
168
176
110
-160
86
132
-34
358
-354
56
282
-100
368
-172
314
-220
-196
-396
-118
170
-356
362
-74
-130
-36
-324
-112
-62
-304
266
176
-1014
-382
-32
-456
-260
80
-42
208
-244
-478
-284
112
248
324
198
-14
456
278
468
160
-68
166
-446
-90
74
-228
-170
-56
180
-246
-260
80
58
-110
-90
188
88
-212
210
212
-256
72
-26
474
116
-120
170
414
252
102
254
-210
-352
-22
-532
-422
-308
-484
-206
-546
-12
-254
90
344
338
716
278
-44
-136
194
-50
86
-94
-264
348
344
254
400
144
-176
310
220
-138
88
-40
-50
-18
102
526
-174
446
76
-240
-194
224
-28
-44
104
138
-52
30
210
-50
-258
-376
-290
150
-180
44
270
-434
-64
-196
326
-74
178
76
-14
-214
68
-274
-156
2
198
-50
80
-464
8
98
-214
-416
108
244
-168
328
32
-20
66
-270
-458
566
-542
234
456
-134
-150
350
-32
-334
140
-40
-142
536
-230
-196
-32
64
92
-200
-58
-538
-188
-250
76
-172
-302
458
-332
178
-128
200
516
386
-184
112
170
142
82
296
-116
-200
-488
-150
-210
-42
-156
222
396
-188
-76
-34
-316
130
434
110
-226
156
-118
-14
274
-334
60
132
438
-116
-6
228
-96
198
-264
-166
62
304
362
222
-246
-76
-54
-166
-178
98
-256
-382
-268
14
-144
96
-118
448
-98
430
362
382
360
216
86
98
82
-88
428
144
380
-188
-106
34
62
240
-494
-178
-204
96
-212
-100
-40
-68
-302
146
272
448
336
-194
-356
-88
42
200
304
-194
256
-38
408
-64
-324
-218
596
56
60
-452
88
-42
-242
-228
-718
40
136
86
64
-314
158
688
-102
204
314
412
-228
-172
296
104
56
-228
-778
-48
-534
-152
128
340
-114
318
104
-60
-60
-282
-44
20
130
16
-324
188
-128
-282
476
276
-368
416
372
326
514
328
-236
-208
174
-342
594
54
50
36
224
-166
94
-172
-286
174
-168
-434
232
310
-412
-14
-170
12
418
-60
6
-600
476
234
-122
-254
-116
-68
-174
260
-290
296
206
-78
22
-192
296
280
466
466
268
76
4
-130
-254
-2
-568
-170
312
-276
-86
422
328
-326
282
562
-170
-100
314
248
-76
-122
-258
206
-280
432
-58
228
-744
300
-22
54
40
48
482
446
246
-50
160
158
-122
280
404
622
108
188
36
174
-148
-48
-346
474
536
6
208
-44
162
198
-82
342
-308
528
-530
102
288
-16
48
14
-84
542
-408
-80
216
26
338
-628
328
102
306
272
176
570
148
-330
-224
-260
-94
-240
20
-140
116
294
172
-368
-164
398
198
-262
-2
-290
-186
86
570
-442
60
-496
68
-144
180
154
-272
536
26
216
196
210
344
-170
306
-462
56
-156
-56
140
-158
-12
80
-178
-194
-520
-104
-412
-460
372
42
-206
336
-50
-414
-212
70
-716
264
-176
-196
88
-542
-152
376
-182
252
6
-34
-244
26
-228
-176
46
-586
76
260
-334
256
160
-28
-306
-260
-160
-144
-170
172
238
-6
-128
428
-362
146
-32
450
294
-310
156
102
-32
158
522
-486
84
190
208
-228
156
-190
-136
348
-36
-172
-98
-92
-90
48
-232
-202
192
112
-152
-260
172
20
346
-316
18
370
230
-16
-304
96
310
44
-136
26
218
30
-402
-108
-368
174
-46
72
420
-508
-178
-50
34
-114
522
278
-212
368
122
134
480
310
20
78
-222
-174
-196
-44
-290
-192
-22
-168
98
112
-140
-216
-206
44
268
110
-212
-76
18
-26
576
-244
-90
354
330
-244
-8
-34
-394
400
340
-206
-444
106
50
20
460
338
-116
148
102
-210
174
666
4
-140
-126
-110
-284
122
50
174
308
-256
-160
-54
64
-42
96
396
268
144
-20
156
-176
456
-50
-102
-130
-170
-42
172
152
56
-280
76
-94
-500
56
164
160
2
52
-168
-304
372
88
26
-262
-76
-196
332
322
-162
-124
-412
-22
-66
-336
-222
-166
286
-72
88
-396
186
812
22
-250
-56
484
418
-84
180
112
-138
8
56
120
270
158
-64
-176
-180
-342
-432
-118
-318
146
134
440
68
248
68
-238
92
42
80
-36
296
-148
70
202
968
-56
-274
-90
420
-308
106
334
-196
-30
460
220
258
-100
-184
-172
116
-406
412
632
186
288
-202
-42
34
-302
164
-256
-234
40
-80
-88
-250
-80
-2
-648
172
-58
-596
396
14
-304
-46
354
422
-158
266
142
234
218
26
-312
-180
-88
54
-288
40
596
110
-360
470
-482
-118
-370
88
156
208
-344
572
-10
-26
-376
-40
-196
64
-16
550
222
310
-30
-104
62
50
-372
-508
-490
312
-196
-354
376
594
114
110
-94
-172
-18
-164
-676
-234
22
226
308
-412
-406
-224
-154
216
-18
-10
398
108
-114
-444
-10
40
182
-28
234
-148
494
380
92
-76
-196
-624
-120
208
244
-36
96
-60
60
12
-98
162
-458
78
28
354
-336
-482
74
192
-262
302
-446
164
56
-116
142
-324
298
-280
-254
226
-10
-10
-448
-218
-388
-282
-184
220
54
274
-316
10
-50
12
120
-292
22
-538
-40
174
102
-278
-64
-6
-346
-96
198
-428
398
70
100
-296
94
-402
-316
170
-208
-470
-382
-198
-50
58
-376
-92
-162
2
-286
260
254
256
-374
-210
302
-408
