-17 	 463
397 	 353
-414 	 -220
-26 	 -202
132 	 118
-64 	 -44
199 	 -127
239 	 295
-283 	 -113
78 	 38
293 	 125
-29 	 69
282 	 -202
-308 	 214
-9 	 345
-239 	 -301
176 	 -68
87 	 -181
135 	 311
-182 	 6
-127 	 115
155 	 -89
79 	 -239
-8 	 68
88 	 52
-112 	 136
249 	 -285
146 	 130
-55 	 -55
-321 	 -77
78 	 262
111 	 127
108 	 212
-105 	 -81
-462 	 -58
366 	 -282
125 	 -81
-301 	 17
-36 	 460
14 	 26
-250 	 190
49 	 157
-308 	 96
-8 	 166
-166 	 -76
-62 	 -146
253 	 29
335 	 -83
-7 	 -109
451 	 -9
212 	 78
31 	 -233
253 	 -59
-9 	 -45
129 	 -103
88 	 126
49 	 49
37 	 -559
-78 	 -20
175 	 297
144 	 -86
81 	 295
-121 	 117
159 	 489
-145 	 -101
335 	 385
545 	 -279
-287 	 185
-31 	 -51
-67 	 -39
-247 	 223
-84 	 -24
-10 	 10
-256 	 -350
-454 	 -402
-86 	 54
168 	 536
198 	 -94
22 	 -94
-68 	 74
36 	 -362
-318 	 118
-218 	 -60
282 	 26
-74 	 -320
-105 	 -45
231 	 97
31 	 -161
-190 	 64
371 	 19
185 	 -111
-140 	 130
-174 	 352
79 	 57
-21 	 109
0 	 -162
58 	 -140
309 	 27
366 	 372
132 	 398
-242 	 -26
-12 	 114
125 	 -49
274 	 328
-164 	 -548
-445 	 -389
229 	 -39
-103 	 -67
-110 	 126
-108 	 -126
225 	 -67
216 	 80
46 	 124
51 	 -135
-284 	 72
132 	 180
136 	 214
54 	 -210
-261 	 159
6 	 -56
54 	 -68
120 	 -148
76 	 -58
-196 	 -102
68 	 -96
228 	 -22
238 	 -270
130 	 28
-86 	 -130
102 	 190
207 	 -369
-212 	 114
64 	 168
-508 	 -110
135 	 -189
266 	 136
399 	 87
380 	 0
-230 	 100
-30 	 172
215 	 -87
184 	 78
89 	 -185
183 	 77
-225 	 99
-221 	 -149
6 	 4
161 	 -495
-268 	 -196
-93 	 25
-185 	 -5
110 	 -278
-140 	 -88
-252 	 362
-122 	 348
230 	 288
-23 	 11
-238 	 -238
-20 	 436
97 	 415
170 	 8
205 	 -215
-35 	 29
-174 	 -264
27 	 -159
118 	 -120
77 	 -63
-235 	 79
-95 	 89
-396 	 0
-384 	 -22
-134 	 -242
-229 	 527
-111 	 71
-305 	 -163
-61 	 -175
-87 	 173
-141 	 81
320 	 336
-242 	 488
123 	 -197
-262 	 -118
-48 	 60
303 	 145
-38 	 162
72 	 -140
-264 	 334
433 	 35
35 	 25
558 	 26
214 	 192
-126 	 14
379 	 -357
-217 	 77
-102 	 -10
-140 	 16
57 	 -247
245 	 281
258 	 104
82 	 116
111 	 -333
-271 	 305
-270 	 148
-32 	 -8
86 	 -162
-119 	 -63
-151 	 -147
-148 	 114
-34 	 -370
-87 	 -87
-319 	 473
100 	 -8
414 	 -18
303 	 -209
288 	 260
282 	 -90
84 	 214
30 	 144
-171 	 -75
293 	 -29
278 	 522
-20 	 62
55 	 205
-10 	 12
-124 	 52
251 	 -265
121 	 55
151 	 -49
-168 	 -16
177 	 -59
634 	 288
-145 	 139
-9 	 15
85 	 -163
-99 	 47
15 	 -241
-60 	 534
62 	 -520
260 	 -416
219 	 -115
-34 	 -106
-125 	 -149
-56 	 -80
-353 	 221
232 	 72
-63 	 281
196 	 116
20 	 -204
29 	 325
33 	 -67
227 	 285
-384 	 -6
15 	 -179
-234 	 -130
278 	 -162
-313 	 -21
-14 	 266
-84 	 68
201 	 131
-350 	 -4
122 	 20
251 	 -457
-78 	 164
-140 	 -584
217 	 -197
-185 	 -127
16 	 254
246 	 150
157 	 -53
238 	 -138
-2 	 146
-240 	 -14
107 	 -359
1 	 -75
-63 	 -607
-31 	 -215
-89 	 -323
78 	 276
-401 	 -407
-206 	 -26
-559 	 359
-463 	 107
470 	 -18
-132 	 216
-46 	 100
-294 	 -260
56 	 -44
346 	 -282
-211 	 79
167 	 -423
77 	 229
184 	 4
61 	 -155
55 	 13
-97 	 -37
241 	 135
-190 	 122
-272 	 60
-41 	 153
-111 	 59
61 	 367
-18 	 132
133 	 -89
32 	 -12
213 	 263
41 	 -191
265 	 299
-218 	 -78
200 	 176
272 	 354
397 	 -35
124 	 150
162 	 -258
-182 	 140
230 	 -8
-169 	 71
95 	 -169
-151 	 383
-15 	 -41
-137 	 -295
33 	 35
48 	 128
86 	 2
-11 	 21
-71 	 45
81 	 -53
-107 	 -93
151 	 -151
-106 	 220
-356 	 -2
-307 	 -127
172 	 -466
32 	 122
70 	 -164
-55 	 -107
473 	 377
30 	 -22
-40 	 -56
-344 	 180
-169 	 5
-290 	 98
-265 	 167
-94 	 166
116 	 -132
-25 	 17
102 	 262
-290 	 -230
-152 	 -178
80 	 468
16 	 -86
60 	 -416
-236 	 406
187 	 45
11 	 -207
-88 	 8
254 	 44
190 	 -68
342 	 104
210 	 -268
-119 	 -233
-96 	 108
271 	 107
-127 	 -69
143 	 -23
343 	 369
45 	 301
-200 	 138
515 	 -337
-122 	 -48
39 	 39
89 	 -191
120 	 292
55 	 23
-80 	 -100
131 	 79
-139 	 -5
12 	 -114
266 	 190
171 	 -355
-60 	 -6
189 	 209
-299 	 -101
-100 	 30
696 	 -174
229 	 105
56 	 148
-184 	 74
24 	 -180
278 	 -124
-78 	 -208
359 	 203
9 	 -39
50 	 158
-65 	 -215
166 	 -338
62 	 -120
454 	 -56
-98 	 -188
60 	 -36
-151 	 287
-235 	 -19
151 	 -287
273 	 -195
-270 	 60
-335 	 147
-127 	 -167
-174 	 146
-298 	 96
-144 	 -230
-107 	 365
-380 	 -42
71 	 -13
336 	 98
124 	 -48
-91 	 -129
312 	 28
-20 	 34
-85 	 15
105 	 -193
-223 	 -355
-154 	 46
-267 	 -53
-18 	 98
-304 	 384
-218 	 -52
316 	 118
-221 	 223
29 	 323
-356 	 30
106 	 88
327 	 -111
79 	 19
-164 	 4
-117 	 13
59 	 195
-501 	 -269
-264 	 98
-80 	 -264
23 	 -99
35 	 89
-19 	 -169
-65 	 -207
130 	 86
-91 	 -299
544 	 196
-236 	 348
-51 	 53
-311 	 -91
-49 	 -443
-121 	 369
-273 	 73
-121 	 433
491 	 -75
-167 	 -153
334 	 234
209 	 -43
-353 	 73
123 	 -173
56 	 94
290 	 28
3 	 -165
-487 	 -209
50 	 46
-95 	 -427
-367 	 79
-31 	 103
186 	 398
145 	 -19
-99 	 -267
203 	 -9
-1 	 -135
-38 	 -2
-232 	 -162
-77 	 -171
-120 	 -72
281 	 -39
28 	 -278
73 	 241
-252 	 -76
-99 	 89
-360 	 412
-47 	 91
-90 	 -304
256 	 -392
10 	 -144
108 	 276
9 	 215
-376 	 190
88 	 -76
-482 	 -294
-81 	 -223
-270 	 -410
47 	 -389
246 	 254
-145 	 87
15 	 -441
305 	 187
-201 	 -31
-268 	 -164
237 	 325
-5 	 97
-176 	 40
488 	 -162
-7 	 -7
167 	 259
100 	 -56
58 	 -40
-326 	 80
384 	 64
-84 	 254
33 	 -67
28 	 34
-213 	 -17
203 	 39
201 	 -15
-131 	 183
176 	 -62
-242 	 -70
154 	 122
-89 	 -73
-159 	 -45
-161 	 -91
-219 	 -379
3 	 57
-144 	 240
239 	 17
204 	 -362
-256 	 134
244 	 -2
-393 	 -109
273 	 -273
-92 	 150
22 	 -202
52 	 120
-175 	 191
163 	 -57
-408 	 -32
-106 	 202
-502 	 22
-55 	 9
-259 	 -61
-87 	 -145
140 	 -142
-208 	 196
86 	 -44
-429 	 -119
-209 	 -227
-79 	 11
2 	 262
146 	 -300
-227 	 29
-126 	 -2
-154 	 -272
19 	 -147
-118 	 54
202 	 -120
-58 	 264
-12 	 386
111 	 -413
52 	 144
332 	 -46
162 	 198
348 	 92
331 	 3
-58 	 -232
-210 	 -250
-169 	 -213
-326 	 130
-79 	 -99
193 	 255
-229 	 259
89 	 -35
-44 	 60
-97 	 -165
-65 	 -771
-59 	 -81
118 	 106
158 	 186
-151 	 -37
144 	 60
-82 	 50
-6 	 -142
141 	 359
9 	 303
153 	 103
109 	 -63
-44 	 278
-149 	 123
-161 	 273
228 	 138
-36 	 252
147 	 -497
365 	 121
-347 	 -341
-424 	 -286
-37 	 119
98 	 -256
225 	 177
201 	 -407
193 	 -139
57 	 -373
109 	 -155
-273 	 199
34 	 -472
-43 	 61
-201 	 101
28 	 152
-223 	 63
192 	 104
-354 	 224
-168 	 26
388 	 -134
271 	 -29
-266 	 8
67 	 -23
-59 	 275
55 	 149
401 	 -11
192 	 216
-62 	 26
53 	 -193
94 	 -150
63 	 -133
-182 	 -212
-28 	 -114
121 	 25
-38 	 168
-130 	 -40
9 	 -423
131 	 261
-80 	 -62
-77 	 -337
16 	 -76
-13 	 -299
137 	 131
-374 	 -68
30 	 -122
134 	 -200
223 	 -313
-170 	 436
20 	 -274
-114 	 16
231 	 -409
-102 	 36
-6 	 -314
117 	 61
-254 	 142
-208 	 86
-425 	 -83
152 	 -202
-6 	 -88
16 	 184
253 	 -129
414 	 28
-203 	 -111
244 	 416
-130 	 -376
-58 	 6
-15 	 -333
125 	 307
-122 	 186
99 	 -521
96 	 -160
125 	 -229
-101 	 43
-323 	 -215
251 	 -251
40 	 -344
-42 	 -168
-122 	 102
-106 	 198
69 	 435
-254 	 334
36 	 146
277 	 285
78 	 84
-159 	 161
-130 	 216
362 	 610
-288 	 402
-125 	 -143
323 	 -9
-30 	 -264
-129 	 101
128 	 68
38 	 140
-277 	 -399
289 	 197
-311 	 85
-145 	 311
91 	 163
-20 	 92
175 	 239
-414 	 -24
-9 	 155
-255 	 305
320 	 266
-88 	 -84
85 	 -81
20 	 -60
167 	 1
27 	 45
328 	 20
139 	 27
-396 	 -108
-326 	 90
-33 	 -199
-41 	 335
57 	 161
15 	 -143
-319 	 263
-113 	 145
-228 	 590
249 	 -39
86 	 -264
191 	 -79
-39 	 285
117 	 289
-126 	 -78
118 	 354
-179 	 233
-43 	 143
105 	 71
-4 	 108
99 	 11
-226 	 -272
280 	 -16
172 	 -10
-163 	 99
397 	 -179
-290 	 126
377 	 61
101 	 -97
32 	 -460
-69 	 -161
-340 	 112
26 	 -222
122 	 -202
-68 	 8
-168 	 -130
-72 	 424
-74 	 224
74 	 -182
-6 	 30
-76 	 230
409 	 343
-49 	 137
103 	 -17
178 	 226
283 	 -259
265 	 179
-120 	 234
125 	 -17
28 	 -58
-92 	 136
48 	 -84
29 	 45
204 	 -40
-130 	 152
-31 	 149
-136 	 -210
-64 	 44
338 	 258
-209 	 169
176 	 -158
-76 	 -458
-159 	 9
-541 	 -23
134 	 -60
-66 	 354
279 	 -97
276 	 -246
294 	 -80
-31 	 51
109 	 -211
291 	 -299
435 	 -199
123 	 205
-71 	 -61
4 	 12
-107 	 -133
313 	 -131
-56 	 -86
-17 	 -253
30 	 164
95 	 77
188 	 -186
-44 	 -180
136 	 84
-96 	 -136
-105 	 -1
-263 	 373
20 	 28
-430 	 -166
158 	 -122
164 	 242
-378 	 108
12 	 -8
100 	 176
68 	 -74
-121 	 33
-208 	 -158
250 	 218
24 	 -214
-86 	 -434
-47 	 163
364 	 246
-257 	 -37
63 	 -455
-177 	 -197
-343 	 83
-6 	 100
-20 	 234
339 	 -93
-33 	 105
84 	 266
-34 	 -70
-180 	 -16
-32 	 -138
-417 	 111
249 	 261
-525 	 227
-287 	 95
244 	 -236
-149 	 169
135 	 -87
-205 	 -239
-388 	 -122
285 	 -237
266 	 408
-179 	 275
198 	 194
-42 	 202
-232 	 148
59 	 9
-62 	 -140
-18 	 108
213 	 195
158 	 406
235 	 349
-43 	 245
77 	 -35
-56 	 -112
159 	 -9
178 	 -110
-105 	 209
-200 	 114
236 	 -86
-110 	 -92
-307 	 245
-14 	 -12
62 	 -224
181 	 -75
-226 	 -212
-302 	 288
-224 	 -374
-22 	 528
-13 	 15
225 	 -139
-37 	 75
-58 	 76
-201 	 -59
-327 	 -11
-174 	 216
237 	 153
-116 	 62
-15 	 -45
-217 	 205
-386 	 138
-257 	 59
59 	 193
-458 	 -250
-34 	 -10
-45 	 -289
142 	 16
6 	 -66
-54 	 -306
147 	 -59
327 	 -39
331 	 -63
334 	 74
-208 	 172
43 	 41
-48 	 188
-128 	 -166
-118 	 -80
-348 	 -104
149 	 245
-449 	 327
-289 	 93
-28 	 426
-84 	 136
-52 	 -186
-433 	 -191
232 	 60
-246 	 240
-81 	 55
-268 	 -38
-237 	 -123
455 	 83
-18 	 192
381 	 -567
-68 	 -30
-4 	 -32
225 	 235
133 	 327
-77 	 -163
-292 	 -452
-361 	 -221
445 	 121
114 	 -182
-248 	 -76
-41 	 21
-222 	 158
81 	 -97
-119 	 119
117 	 -349
116 	 -94
292 	 -62
-338 	 -220
-6 	 -44
32 	 -46
-179 	 67
198 	 152
211 	 -173
-155 	 339
-119 	 273
-103 	 -445
506 	 136
61 	 97
-199 	 253
332 	 230
78 	 -412
-220 	 -242
17 	 -19
168 	 302
-59 	 -407
-31 	 -111
-15 	 -125
-127 	 217
-255 	 191
152 	 -230
256 	 -176
441 	 113
-26 	 258
332 	 114
-25 	 589
-246 	 -502
-101 	 -41
263 	 159
61 	 -61
252 	 -208
50 	 30
-143 	 -179
199 	 101
286 	 -28
349 	 -197
105 	 319
-157 	 63
-119 	 -91
-203 	 -233
59 	 311
-317 	 -375
-63 	 121
-183 	 -407
371 	 -131
416 	 32
-164 	 -298
70 	 -156
-7 	 -211
-59 	 -281
-497 	 -195
-220 	 56
433 	 -229
162 	 -182
-225 	 -33
-62 	 78
47 	 27
252 	 418
275 	 -21
60 	 -166
82 	 -130
281 	 -61
-305 	 51
87 	 249
238 	 -124
-264 	 394
-661 	 -199
-240 	 136
-358 	 22
-108 	 204
4 	 248
176 	 -96
18 	 56
99 	 119
-410 	 -286
-109 	 9
265 	 133
-70 	 464
-34 	 -216
6 	 -238
162 	 -202
440 	 -134
-241 	 287
-46 	 200
-135 	 -109
-215 	 -11
247 	 25
-62 	 -158
115 	 521
-344 	 192
-418 	 -334
-42 	 496
64 	 60
36 	 -12
-384 	 116
-114 	 92
-32 	 34
-126 	 -436
248 	 -366
33 	 123
-394 	 -492
-153 	 -281
162 	 -500
-168 	 218
-559 	 -1
-229 	 -107
-306 	 290
128 	 210
293 	 133
-19 	 -141
-26 	 100
-163 	 173
48 	 -14
21 	 -5
57 	 81
-101 	 173
-245 	 -243
472 	 -372
-144 	 -190
-208 	 226
139 	 59
158 	 -152
79 	 -359
257 	 -283
27 	 197
109 	 -337
-1 	 67
-98 	 4
-285 	 -239
-129 	 241
233 	 -485
-457 	 111
-130 	 126
-169 	 -23
145 	 -239
-179 	 -259
-405 	 -123
7 	 -249
-155 	 -619
72 	 -228
-149 	 -47
-270 	 390
20 	 -98
88 	 114
146 	 -140
-70 	 146
78 	 66
60 	 244
-111 	 91
118 	 280
405 	 287
-276 	 -76
-130 	 98
-297 	 -65
-107 	 137
235 	 -51
-29 	 335
-3 	 71
26 	 -64
-269 	 39
10 	 -128
19 	 393
-578 	 -412
-26 	 180
153 	 -117
-598 	 328
190 	 30
-27 	 75
-268 	 40
-239 	 27
189 	 149
81 	 -159
56 	 -26
265 	 -87
-101 	 -121
69 	 107
102 	 -232
-7 	 29
33 	 157
-49 	 163
340 	 120
695 	 -215
-146 	 250
-321 	 157
250 	 206
-50 	 78
-170 	 354
-116 	 4
114 	 -166
191 	 131
-169 	 183
-342 	 -20
195 	 -65
-7 	 317
-122 	 -120
84 	 -126
105 	 -133
-207 	 -43
58 	 -414
-168 	 64
-396 	 170
-407 	 -331
340 	 -18
-368 	 -272
-88 	 42
18 	 6
-49 	 201
13 	 41
-28 	 -346
-288 	 -58
41 	 99
-223 	 133
46 	 -48
-27 	 -7
-439 	 103
-244 	 -240
-248 	 -102
-18 	 26
-1 	 109
21 	 295
198 	 -246
-81 	 261
-334 	 -492
142 	 360
-182 	 -136
100 	 50
-53 	 -89
-261 	 129
37 	 47
290 	 134
90 	 10
-113 	 -171
317 	 -235
232 	 -388
143 	 -713
-392 	 -114
168 	 -92
105 	 -381
-303 	 239
320 	 -14
149 	 -351
16 	 -222
183 	 175
102 	 -236
-46 	 -60
-69 	 -7
249 	 189
400 	 124
-194 	 48
30 	 120
-172 	 -224
96 	 42
2 	 180
-28 	 -182
259 	 25
-198 	 -22
370 	 -332
-61 	 171
211 	 -123
54 	 -206
-86 	 -110
24 	 -202
-208 	 284
-92 	 228
54 	 -4
-17 	 71
-35 	 -213
-280 	 156
-53 	 87
-242 	 -408
-114 	 -74
-317 	 -7
-63 	 67
-364 	 144
77 	 -11
-77 	 131
-28 	 172
27 	 -261
-401 	 3
346 	 -354
-419 	 -165
-6 	 334
-138 	 122
49 	 -17
-375 	 349
312 	 280
204 	 -82
-6 	 -188
-110 	 130
70 	 -158
112 	 -160
127 	 83
453 	 -195
0 	 -76
2 	 134
288 	 -72
29 	 3
279 	 -51
6 	 328
-125 	 -85
-296 	 216
-37 	 -219
154 	 -244
-310 	 110
65 	 -115
148 	 -82
-375 	 23
151 	 -3
-151 	 375
388 	 -186
-268 	 -30
-57 	 347
88 	 -132
-118 	 -158
196 	 34
2 	 224
235 	 -147
-173 	 171
-103 	 -71
281 	 -217
-118 	 278
62 	 -212
-532 	 0
-26 	 -220
-283 	 -347
128 	 -12
-180 	 52
115 	 -119
127 	 59
-65 	 -179
117 	 265
-523 	 -325
214 	 58
70 	 258
-233 	 161
-166 	 194
133 	 143
-336 	 -128
171 	 -171
-178 	 18
-51 	 139
54 	 150
27 	 -87
210 	 234
399 	 47
-384 	 -70
-463 	 103
37 	 3
-245 	 137
92 	 138
294 	 -62
172 	 54
-360 	 -242
141 	 -3
-31 	 -79
-134 	 18
-86 	 26
305 	 117
85 	 309
211 	 -273
268 	 458
8 	 -94
-9 	 -217
17 	 125
-143 	 171
-37 	 181
-132 	 10
54 	 -30
185 	 -373
-92 	 -34
-163 	 -9
153 	 -27
-343 	 -37
19 	 47
-140 	 82
167 	 375
27 	 79
-115 	 255
-38 	 178
54 	 188
236 	 -266
162 	 -476
-192 	 -52
24 	 -206
69 	 -363
242 	 120
-41 	 -7
-105 	 -185
-107 	 -333
-41 	 -19
-270 	 -58
-35 	 -41
273 	 385
69 	 485
356 	 124
-97 	 17
-25 	 199
-40 	 -126
41 	 233
86 	 50
65 	 197
-35 	 51
18 	 -294
134 	 -274
-461 	 -321
-57 	 283
-114 	 -32
227 	 469
224 	 138
-382 	 154
-300 	 100
-353 	 311
162 	 42
-180 	 36
64 	 -66
-236 	 42
-9 	 77
59 	 -135
-59 	 5
10 	 -96
152 	 -192
270 	 -126
152 	 206
-636 	 100
297 	 -285
83 	 231
-381 	 73
212 	 74
164 	 112
-64 	 -150
-295 	 -155
290 	 4
194 	 220
248 	 180
-173 	 -403
-307 	 -297
-492 	 -78
264 	 552
-70 	 -80
-6 	 22
251 	 -321
-92 	 22
-103 	 -199
22 	 -42
262 	 -16
236 	 10
-271 	 -251
59 	 -97
-247 	 57
426 	 -138
-32 	 -170
376 	 200
186 	 606
-233 	 87
192 	 -80
-412 	 -144
88 	 290
20 	 -12
-285 	 53
-125 	 333
-29 	 349
23 	 -95
224 	 -56
141 	 -203
29 	 -59
6 	 -224
-54 	 72
102 	 -218
-327 	 -269
75 	 89
76 	 -450
-422 	 -48
-104 	 -124
-103 	 -253
213 	 -153
22 	 160
-289 	 -35
240 	 -444
143 	 49
152 	 -120
-410 	 50
-239 	 49
-155 	 -427
-297 	 183
22 	 -16
-108 	 30
-126 	 -238
-7 	 -85
120 	 -200
244 	 -36
-237 	 -19
82 	 -568
319 	 29
84 	 -206
-438 	 80
-68 	 260
262 	 -54
-16 	 -290
65 	 -225
-166 	 -138
241 	 -81
-71 	 -325
198 	 22
-109 	 -371
330 	 290
-87 	 -295
-15 	 401
179 	 -123
35 	 -1
-44 	 -234
131 	 -161
196 	 76
210 	 -268
-247 	 -137
72 	 -216
-191 	 81
43 	 -73
10 	 16
116 	 -118
-272 	 126
-334 	 140
120 	 -228
282 	 326
-59 	 -401
-160 	 190
129 	 -193
25 	 57
-63 	 69
250 	 -124
3 	 187
51 	 329
-175 	 5
-132 	 -220
-246 	 -6
-151 	 205
-204 	 64
-324 	 -6
129 	 -53
-163 	 43
63 	 267
231 	 5
58 	 -294
-46 	 -366
-236 	 288
-82 	 276
-73 	 167
-46 	 -104
-140 	 178
110 	 576
-311 	 163
-464 	 196
-150 	 -226
-40 	 384
216 	 44
10 	 -184
114 	 -124
418 	 70
86 	 -384
63 	 -33
-16 	 -68
-221 	 -69
189 	 -287
133 	 -143
331 	 -71
-296 	 232
-331 	 -241
-146 	 378
-269 	 -99
138 	 50
-46 	 -228
30 	 -220
-74 	 4
639 	 -171
50 	 92
-66 	 122
140 	 -264
181 	 165
-93 	 17
-72 	 154
149 	 -275
-167 	 -145
-262 	 566
-127 	 19
-31 	 45
148 	 40
-8 	 22
-398 	 -272
-97 	 -141
116 	 -220
-11 	 -249
-120 	 98
172 	 124
-318 	 -222
22 	 36
240 	 -68
-105 	 29
81 	 15
-128 	 36
18 	 190
-190 	 202
41 	 145
-215 	 269
-9 	 -55
-76 	 176
-13 	 -281
-240 	 198
-218 	 48
-192 	 -20
198 	 -204
-35 	 455
107 	 57
116 	 310
-147 	 -295
51 	 83
-253 	 -135
82 	 -6
281 	 -105
-241 	 -161
250 	 -252
-110 	 -70
-142 	 -212
68 	 -484
227 	 -311
-270 	 28
-286 	 18
-111 	 169
-208 	 -216
-246 	 -46
199 	 -69
93 	 37
78 	 162
-99 	 61
-81 	 359
-212 	 -186
-357 	 129
251 	 -79
23 	 -173
62 	 -172
234 	 -98
441 	 119
-231 	 245
-471 	 -69
188 	 80
135 	 97
-40 	 340
307 	 289
132 	 -228
-73 	 -281
120 	 2
56 	 184
-337 	 -63
92 	 -164
29 	 51
-151 	 81
-175 	 243
-117 	 117
274 	 -624
-415 	 -37
-215 	 95
-162 	 -170
-219 	 -13
-141 	 49
177 	 341
-165 	 -349
-32 	 -204
132 	 174
543 	 -41
-111 	 -245
-147 	 193
-138 	 8
117 	 -395
-201 	 -273
187 	 57
415 	 125
-368 	 72
-320 	 -118
18 	 -238
36 	 -144
175 	 -51
-126 	 76
-126 	 120
-33 	 -393
501 	 205
76 	 -226
16 	 -394
-153 	 119
-167 	 -79
384 	 344
-224 	 -10
115 	 -21
187 	 119
99 	 201
-158 	 -348
219 	 -719
-493 	 135
125 	 235
-237 	 -91
89 	 277
33 	 -49
57 	 479
-48 	 -44
-57 	 159
-107 	 -305
243 	 129
140 	 204
-65 	 -219
222 	 -412
155 	 -177
-113 	 3
587 	 -305
-38 	 100
-128 	 -204
123 	 -275
71 	 173
-30 	 -322
181 	 -109
-81 	 -41
-136 	 84
230 	 170
-214 	 -148
-337 	 145
293 	 -203
10 	 -172
65 	 -111
101 	 -145
336 	 158
34 	 -6
58 	 -354
-215 	 65
26 	 -166
19 	 -189
78 	 112
175 	 -273
-217 	 -269
223 	 19
-166 	 146
-108 	 -252
-19 	 153
-67 	 31
-320 	 -94
93 	 -457
-238 	 22
-94 	 238
-207 	 -101
523 	 27
-394 	 16
-242 	 -84
72 	 -358
-98 	 -20
18 	 -202
-104 	 154
-221 	 5
-60 	 -42
-73 	 183
219 	 -225
106 	 -426
62 	 -328
254 	 -496
-203 	 119
-124 	 286
152 	 66
141 	 201
-68 	 54
-92 	 344
-56 	 -410
-19 	 -11
76 	 176
69 	 63
0 	 -122
-91 	 125
-52 	 154
-228 	 158
-44 	 -110
123 	 183
-63 	 55
-122 	 284
28 	 -150
-231 	 5
-363 	 -7
54 	 -66
-222 	 200
-82 	 -280
-17 	 41
-312 	 56
232 	 -196
-6 	 -172
-94 	 152
-129 	 183
-211 	 -133
27 	 321
159 	 53
-293 	 129
100 	 320
-74 	 -190
45 	 83
-107 	 -129
20 	 -638
112 	 -104
-267 	 71
91 	 -71
86 	 256
116 	 -70
-189 	 207
166 	 348
151 	 -297
189 	 271
-270 	 40
31 	 -165
98 	 180
-359 	 -141
-428 	 -414
241 	 125
-31 	 65
-4 	 -148
45 	 -55
202 	 -452
-240 	 -328
-87 	 353
-275 	 -33
66 	 30
-5 	 99
252 	 8
84 	 156
126 	 472
72 	 -230
54 	 304
-102 	 180
397 	 165
-153 	 337
217 	 -13
-48 	 250
-318 	 40
137 	 307
-534 	 -40
-191 	 283
13 	 19
215 	 101
-103 	 129
61 	 -105
-342 	 344
153 	 -111
-39 	 -461
-319 	 -1
69 	 43
-513 	 -159
-120 	 -290
-122 	 180
-191 	 259
288 	 202
-20 	 -160
-232 	 44
356 	 -304
-253 	 -237
160 	 28
178 	 -468
-55 	 -63
132 	 434
156 	 74
-296 	 112
-139 	 -163
-204 	 -250
73 	 17
22 	 118
-135 	 -191
-199 	 81
303 	 -393
-203 	 -131
60 	 28
135 	 79
308 	 -432
-7 	 113
-33 	 -47
-71 	 203
-90 	 110
439 	 57
45 	 -11
-143 	 31
134 	 262
252 	 -288
1 	 151
-194 	 164
-35 	 245
189 	 -155
-305 	 -7
139 	 -213
-273 	 -107
158 	 138
-62 	 -140
215 	 319
-137 	 -71
88 	 -176
-219 	 -53
-88 	 84
94 	 -104
-115 	 -197
148 	 138
202 	 20
-153 	 115
-155 	 -125
110 	 16
-158 	 40
-74 	 424
60 	 146
131 	 -181
-95 	 -131
-102 	 106
99 	 447
-206 	 -420
-265 	 75
69 	 191
395 	 253
-121 	 77
-167 	 -287
18 	 430
200 	 182
62 	 -32
197 	 5
169 	 21
261 	 167
-101 	 -275
107 	 99
-170 	 -56
217 	 225
-201 	 -127
-137 	 161
36 	 -8
-295 	 239
417 	 -133
-183 	 379
-302 	 -420
75 	 81
-43 	 -159
81 	 -53
-142 	 114
119 	 -227
35 	 407
-333 	 151
-512 	 98
492 	 276
238 	 54
-25 	 323
17 	 -85
-148 	 318
-106 	 148
-181 	 105
191 	 29
69 	 113
345 	 25
99 	 -333
-64 	 -50
-155 	 97
-25 	 37
317 	 -127
-141 	 -265
-293 	 87
-42 	 -270
-125 	 111
159 	 189
255 	 -53
119 	 -379
129 	 191
-206 	 -228
-32 	 92
-189 	 213
-7 	 5
27 	 171
-382 	 122
136 	 -308
-320 	 -134
-163 	 139
6 	 -102
-196 	 -322
47 	 -73
-127 	 -185
230 	 292
436 	 -250
237 	 -125
435 	 -211
-369 	 287
90 	 -320
196 	 -258
67 	 11
-165 	 -149
-170 	 -266
-10 	 -134
146 	 112
-43 	 -93
-56 	 82
137 	 111
-69 	 -215
424 	 -2
-194 	 -84
389 	 89
-68 	 194
-32 	 -106
-98 	 8
170 	 232
-81 	 -75
-381 	 133
-62 	 -92
240 	 208
334 	 -282
-215 	 -363
-326 	 -230
-215 	 265
45 	 67
-237 	 -99
178 	 64
-265 	 -89
-340 	 -166
-55 	 201
0 	 -170
204 	 104
-393 	 119
63 	 181
-383 	 273
16 	 -92
-221 	 -277
168 	 96
307 	 21
198 	 -148
-504 	 258
72 	 -168
116 	 -150
73 	 231
51 	 173
-444 	 -182
24 	 140
-268 	 -40
-98 	 194
83 	 -257
-30 	 -124
326 	 -384
-286 	 210
202 	 66
-11 	 -413
-85 	 71
-69 	 -197
140 	 28
-142 	 -18
-87 	 -207
227 	 -373
61 	 77
203 	 131
-78 	 -146
-346 	 78
-338 	 68
-113 	 223
-273 	 -23
122 	 -32
-231 	 -69
-77 	 -41
-325 	 -207
-61 	 -423
149 	 -103
82 	 126
200 	 -370
141 	 -293
-254 	 -88
-19 	 49
53 	 -193
68 	 -246
110 	 96
-194 	 120
-70 	 44
414 	 234
98 	 54
-117 	 -33
-262 	 104
-243 	 455
257 	 -379
16 	 -472
3 	 173
135 	 297
263 	 -359
-90 	 292
-310 	 226
-26 	 -110
-446 	 64
-458 	 -380
15 	 -43
15 	 31
15 	 -233
252 	 -198
207 	 -211
152 	 176
-107 	 -187
137 	 3
36 	 -126
82 	 -262
-462 	 -122
78 	 32
105 	 -277
13 	 27
-92 	 -102
174 	 332
-664 	 -82
439 	 215
256 	 60
316 	 -156
-404 	 110
125 	 -269
-128 	 94
92 	 -264
165 	 -35
-211 	 -513
302 	 252
47 	 -297
270 	 -214
115 	 -119
161 	 -85
45 	 -63
-112 	 -34
-42 	 -110
-404 	 192
20 	 -94
-53 	 -327
-256 	 -32
-265 	 -251
178 	 -178
91 	 -131
-109 	 65
-154 	 174
-264 	 -136
-46 	 186
-257 	 -363
-114 	 54
291 	 39
242 	 -108
-174 	 -38
-487 	 -149
214 	 -130
-312 	 -134
75 	 -169
-167 	 123
85 	 -19
257 	 127
274 	 154
204 	 -86
102 	 298
-55 	 59
170 	 -264
228 	 66
51 	 -145
308 	 232
187 	 -213
46 	 36
34 	 174
58 	 -46
-212 	 -20
71 	 7
214 	 26
160 	 -76
-66 	 350
-171 	 317
-84 	 -48
-179 	 -103
-115 	 49
26 	 -70
217 	 331
-92 	 -160
325 	 235
-107 	 -209
348 	 -156
379 	 -93
-21 	 -191
52 	 134
-18 	 -534
183 	 -63
228 	 106
164 	 158
427 	 -133
13 	 -63
19 	 363
-61 	 3
109 	 -231
-146 	 -310
-223 	 123
96 	 -190
48 	 -208
-223 	 -73
-49 	 -147
-613 	 -139
7 	 -11
170 	 44
44 	 -196
298 	 -54
-47 	 -205
41 	 -33
395 	 355
119 	 9
-32 	 340
-204 	 -212
-414 	 -30
269 	 -77
-188 	 4
-334 	 -450
301 	 -315
168 	 -116
505 	 447
91 	 -73
-122 	 242
-44 	 236
-51 	 129
71 	 209
-138 	 -78
109 	 -289
30 	 -64
63 	 -647
582 	 -226
-455 	 -59
-125 	 109
40 	 -80
-99 	 -223
-58 	 4
21 	 -293
-62 	 -150
-199 	 71
-130 	 -74
-354 	 74
-80 	 -16
194 	 22
-352 	 142
-259 	 281
-500 	 -72
275 	 -245
-273 	 -157
74 	 -128
178 	 -150
-257 	 79
321 	 207
-453 	 127
-104 	 -62
-10 	 -184
106 	 -126
-15 	 425
9 	 127
-351 	 -201
564 	 344
27 	 -217
-117 	 -367
-109 	 -341
139 	 115
-453 	 -141
334 	 274
-56 	 -324
255 	 -173
185 	 127
-220 	 -66
88 	 216
57 	 119
-61 	 243
38 	 100
40 	 -268
83 	 163
-151 	 131
501 	 245
-89 	 149
81 	 161
260 	 358
155 	 -149
-123 	 -261
25 	 -209
335 	 101
-118 	 -134
-175 	 35
168 	 -42
-258 	 258
373 	 -485
-155 	 -25
-286 	 38
-238 	 116
-203 	 -147
-108 	 156
-203 	 1
-350 	 -20
-75 	 91
-74 	 76
-45 	 -17
232 	 22
181 	 -205
-14 	 192
299 	 13
74 	 -38
-137 	 -55
-226 	 -302
-87 	 -93
-216 	 -94
-151 	 147
-111 	 109
-96 	 312
-270 	 92
95 	 -89
-101 	 199
84 	 278
-170 	 170
136 	 52
110 	 -112
-33 	 63
50 	 -132
-181 	 241
-118 	 -96
-453 	 -117
-335 	 53
285 	 -189
-41 	 -147
13 	 79
-151 	 -417
255 	 33
106 	 78
-164 	 -134
467 	 329
-274 	 14
-41 	 135
-276 	 -262
-137 	 -201
-316 	 318
-226 	 118
106 	 518
488 	 -302
-43 	 -27
126 	 54
-48 	 62
41 	 -15
-13 	 3
134 	 54
380 	 -88
-271 	 -77
-440 	 -330
127 	 -127
-309 	 -81
-206 	 62
112 	 124
314 	 326
-135 	 -97
11 	 -191
276 	 -6
-143 	 -101
-265 	 -121
-77 	 -43
145 	 -357
-12 	 310
96 	 -338
15 	 -249
-29 	 349
-214 	 -62
-392 	 88
-82 	 282
-31 	 83
-6 	 -436
125 	 -333
89 	 -3
105 	 587
-202 	 -124
-233 	 155
-133 	 43
87 	 -331
-483 	 -401
-265 	 -567
124 	 -6
283 	 239
-232 	 -146
57 	 -123
282 	 156
-226 	 -208
46 	 -24
16 	 214
-78 	 76
-80 	 -86
336 	 16
120 	 50
167 	 243
25 	 -143
-8 	 62
-280 	 -22
371 	 259
35 	 -3
-83 	 101
-42 	 -24
18 	 66
1 	 169
233 	 -143
-64 	 76
147 	 3
-110 	 -80
46 	 118
-227 	 -101
-202 	 -20
-274 	 -244
151 	 -141
-302 	 -12
295 	 -19
23 	 161
161 	 -175
-224 	 16
263 	 -59
-286 	 -158
164 	 -204
-56 	 160
131 	 91
-57 	 -115
-197 	 27
-48 	 112
-280 	 58
-159 	 119
-389 	 -83
-88 	 -8
-129 	 -67
-59 	 -133
29 	 -55
-173 	 175
-82 	 -232
-261 	 -7
-397 	 -111
63 	 79
67 	 9
84 	 -258
-254 	 106
-300 	 -52
239 	 -221
-50 	 -110
-55 	 -99
-5 	 91
261 	 267
-218 	 154
206 	 -324
-38 	 240
341 	 85
261 	 109
221 	 129
512 	 -114
-387 	 -241
-267 	 -249
-121 	 -47
-214 	 -18
-63 	 -47
141 	 285
-138 	 164
80 	 76
-112 	 -64
-124 	 -396
78 	 -676
-30 	 64
83 	 123
30 	 -46
-81 	 245
74 	 -4
179 	 123
-419 	 -71
362 	 70
134 	 340
152 	 122
31 	 205
-96 	 110
-199 	 163
-39 	 333
-38 	 78
205 	 63
126 	 -378
22 	 122
-176 	 -368
-222 	 -150
-124 	 132
297 	 -417
-87 	 189
323 	 -511
83 	 -221
351 	 -131
-162 	 -88
-272 	 -42
245 	 -343
-321 	 199
-39 	 391
140 	 -278
-302 	 210
-28 	 122
-275 	 73
187 	 69
197 	 -107
37 	 -65
-246 	 -198
76 	 316
263 	 155
26 	 360
150 	 -10
185 	 -67
356 	 134
-369 	 -261
98 	 -298
35 	 55
-177 	 -259
26 	 26
258 	 -76
-282 	 186
155 	 -111
-72 	 -362
76 	 308
-12 	 -116
-84 	 -200
80 	 -388
113 	 19
-167 	 -107
-376 	 14
148 	 -58
183 	 -343
42 	 -182
-275 	 313
192 	 -50
-45 	 -83
164 	 -516
-76 	 94
24 	 -270
-42 	 98
-226 	 146
-244 	 -106
-184 	 38
113 	 -393
113 	 189
-33 	 13
273 	 -167
214 	 80
-84 	 56
100 	 248
-92 	 -318
-8 	 -110
29 	 -133
-123 	 123
114 	 4
-37 	 -177
359 	 -503
51 	 77
-376 	 -140
-154 	 -96
104 	 -434
149 	 -53
28 	 -382
-256 	 220
70 	 468
-81 	 81
-94 	 550
-40 	 168
302 	 326
-189 	 107
210 	 58
-303 	 237
445 	 563
-207 	 225
-134 	 -74
326 	 -168
-279 	 51
-35 	 155
130 	 20
-234 	 -288
145 	 -7
238 	 114
-256 	 56
-289 	 447
202 	 34
116 	 208
-160 	 206
-307 	 17
-121 	 27
215 	 399
79 	 345
-389 	 -233
226 	 -44
279 	 9
4 	 -54
232 	 -66
155 	 -7
-164 	 120
-272 	 -56
-39 	 117
-214 	 -342
87 	 539
62 	 78
-172 	 -218
-194 	 316
-162 	 326
-128 	 476
63 	 -129
288 	 -160
35 	 -213
-73 	 271
137 	 191
-64 	 208
-115 	 231
-86 	 144
170 	 114
-158 	 26
142 	 180
-39 	 -145
62 	 -42
211 	 -95
70 	 142
-75 	 -73
372 	 24
-233 	 73
203 	 89
234 	 -282
-42 	 -444
21 	 -23
-361 	 -91
61 	 31
147 	 -285
-397 	 -55
54 	 -102
44 	 588
-152 	 -98
-109 	 57
33 	 -107
239 	 353
315 	 263
-234 	 50
268 	 206
301 	 -89
154 	 -8
-19 	 287
-14 	 86
299 	 -99
-97 	 -21
17 	 113
77 	 -175
43 	 343
59 	 -115
-47 	 211
-111 	 -43
-240 	 -32
186 	 -72
134 	 324
-42 	 214
-78 	 -370
185 	 -325
-300 	 38
-395 	 -99
6 	 20
161 	 367
199 	 -133
315 	 -273
74 	 -64
118 	 90
56 	 -454
419 	 -237
404 	 -158
-91 	 193
44 	 2
-77 	 -57
49 	 -169
333 	 -311
-272 	 306
135 	 -121
39 	 -63
75 	 91
36 	 -170
162 	 -88
91 	 -241
25 	 121
-292 	 46
-230 	 356
-55 	 -39
-375 	 -233
272 	 -24
-19 	 95
-291 	 71
61 	 211
127 	 -63
211 	 139
-415 	 -7
-74 	 -22
146 	 6
149 	 -319
-363 	 -303
264 	 140
95 	 269
-79 	 -295
120 	 -244
-449 	 -191
-5 	 111
-16 	 144
-4 	 26
209 	 201
39 	 99
-127 	 -15
-159 	 21
121 	 -65
-179 	 115
-211 	 43
10 	 270
-500 	 278
8 	 -262
-138 	 212
88 	 -64
-103 	 -39
-49 	 -283
-154 	 12
91 	 -171
180 	 214
118 	 394
-52 	 80
-114 	 190
-76 	 158
-120 	 192
-89 	 -99
214 	 -2
147 	 273
267 	 315
28 	 402
88 	 148
214 	 -144
-35 	 -3
5 	 11
135 	 -135
-319 	 281
290 	 196
-114 	 -38
-216 	 -100
-110 	 54
-77 	 -151
25 	 -257
91 	 297
16 	 -294
-348 	 58
-163 	 -221
-132 	 244
102 	 158
226 	 -198
-144 	 222
-215 	 93
-236 	 184
-205 	 -205
-20 	 324
-120 	 -80
268 	 188
-224 	 -154
-192 	 438
-612 	 -80
64 	 146
-66 	 138
-394 	 -48
71 	 -423
-109 	 43
72 	 -212
21 	 -101
221 	 -245
2 	 -30
512 	 -108
113 	 3
231 	 251
-86 	 -120
-141 	 197
68 	 16
-359 	 111
29 	 -255
-334 	 -80
153 	 461
-231 	 325
-356 	 116
-1 	 383
-60 	 164
-430 	 -348
-27 	 -311
-7 	 79
-121 	 285
-328 	 -18
-204 	 56
214 	 -28
241 	 123
19 	 -125
189 	 -453
-48 	 64
231 	 -151
233 	 331
-166 	 312
-190 	 -212
-198 	 -316
4 	 -112
193 	 15
149 	 -245
-152 	 -20
-421 	 53
142 	 94
-142 	 46
91 	 -49
48 	 -422
29 	 125
232 	 -350
-364 	 -42
145 	 -117
-162 	 38
-27 	 -93
128 	 180
499 	 203
-323 	 259
-61 	 -47
165 	 -249
273 	 -3
59 	 131
-205 	 537
179 	 -293
180 	 -246
-154 	 -278
2 	 92
-128 	 206
289 	 -313
-73 	 -161
-45 	 117
-354 	 -66
67 	 227
79 	 -63
115 	 -249
439 	 257
-28 	 130
354 	 240
4 	 346
-271 	 -479
-86 	 86
168 	 106
343 	 69
25 	 -431
31 	 145
75 	 -17
216 	 -24
234 	 -382
232 	 200
0 	 192
52 	 -110
-179 	 -81
-217 	 177
-19 	 13
-290 	 -348
-49 	 121
-34 	 -434
267 	 5
221 	 -59
-93 	 -269
123 	 -291
48 	 -106
-99 	 -125
-458 	 -334
-109 	 173
374 	 -314
32 	 -122
-327 	 -127
133 	 -47
185 	 491
184 	 156
105 	 -195
334 	 -72
29 	 -55
89 	 -101
-395 	 63
401 	 75
-16 	 158
-339 	 149
-712 	 80
-193 	 -23
-327 	 53
3 	 327
-76 	 64
284 	 -46
80 	 106
-241 	 -67
-124 	 -102
-209 	 -95
315 	 399
-173 	 181
-25 	 -445
230 	 8
195 	 -237
166 	 18
-260 	 178
-100 	 178
-40 	 20
45 	 -81
62 	 -94
65 	 291
-153 	 147
-476 	 348
2 	 -374
-412 	 404
280 	 100
37 	 9
-447 	 45
122 	 4
-269 	 -87
150 	 -280
-41 	 -331
15 	 -43
-316 	 -246
68 	 -582
53 	 -193
-379 	 75
-507 	 31
-184 	 58
-140 	 200
41 	 227
162 	 10
5 	 -95
3 	 253
-217 	 51
111 	 -61
160 	 16
40 	 312
-296 	 -156
81 	 -129
301 	 -397
-237 	 -21
-106 	 140
161 	 -105
170 	 -170
156 	 -344
211 	 27
-75 	 -235
-43 	 -247
65 	 259
-31 	 -127
-234 	 4
-96 	 -54
72 	 -188
-421 	 97
-226 	 4
38 	 -220
139 	 -147
-480 	 -148
-72 	 -220
-122 	 -320
-119 	 -643
-85 	 -293
60 	 388
-84 	 150
-185 	 -31
-46 	 52
266 	 -60
101 	 157
-71 	 59
180 	 270
-167 	 -109
118 	 454
235 	 285
-279 	 -45
-230 	 -96
-219 	 73
69 	 111
-8 	 50
161 	 313
-9 	 -27
-181 	 11
164 	 -98
-360 	 154
66 	 38
-560 	 -174
-74 	 -58
45 	 145
-188 	 104
-77 	 209
11 	 5
-501 	 -41
18 	 334
271 	 -133
-58 	 -180
155 	 65
399 	 -261
-304 	 170
70 	 -288
-91 	 59
411 	 155
-50 	 -108
-75 	 415
563 	 -113
458 	 -128
-147 	 373
-397 	 7
221 	 279
-175 	 245
90 	 170
-152 	 -44
-6 	 -66
235 	 155
-333 	 237
-67 	 -95
170 	 110
-240 	 -36
-59 	 -141
113 	 -37
114 	 18
-203 	 -305
161 	 -365
-347 	 215
-466 	 -84
-148 	 -152
219 	 -109
-332 	 -302
-156 	 204
287 	 15
-205 	 283
-31 	 -151
29 	 -183
-259 	 -277
115 	 311
-248 	 190
45 	 -247
-312 	 300
-323 	 -265
-269 	 -35
-126 	 -132
66 	 38
-70 	 112
53 	 299
-195 	 -197
102 	 38
-118 	 -274
-88 	 198
-54 	 -130
105 	 127
-384 	 -76
138 	 46
122 	 180
102 	 2
297 	 -85
-115 	 15
243 	 -541
262 	 -398
115 	 -569
-559 	 29
370 	 -106
-66 	 -394
-94 	 166
201 	 169
174 	 -524
45 	 -73
133 	 155
102 	 -380
-53 	 -147
94 	 260
211 	 167
7 	 247
-81 	 -53
142 	 -280
-182 	 16
51 	 189
3 	 59
-93 	 -169
300 	 94
-9 	 -279
10 	 -50
-4 	 70
527 	 -67
-120 	 -136
-147 	 -187
141 	 -81
-221 	 149
-63 	 13
2 	 228
73 	 163
-119 	 -323
-169 	 177
-230 	 100
-162 	 -348
-60 	 -328
-565 	 147
191 	 207
-448 	 32
229 	 61
-325 	 -73
35 	 321
-96 	 -172
-142 	 -108
210 	 -506
-231 	 1
3 	 421
-196 	 160
-167 	 -163
-159 	 389
194 	 252
162 	 -150
126 	 -84
-158 	 60
163 	 25
209 	 -385
-73 	 93
389 	 -143
133 	 -47
88 	 98
143 	 17
134 	 -58
164 	 68
129 	 197
-313 	 -33
-274 	 208
116 	 -378
110 	 -48
-311 	 -203
-13 	 85
175 	 -195
-121 	 131
-113 	 153
22 	 166
267 	 23
-308 	 70
-154 	 -48
127 	 41
59 	 -181
242 	 154
55 	 19
25 	 61
-381 	 -101
252 	 20
286 	 84
-322 	 -114
32 	 38
-320 	 -384
-255 	 169
-48 	 -374
-115 	 -289
-64 	 346
102 	 -222
20 	 -10
200 	 18
-236 	 26
-242 	 -104
84 	 -122
104 	 464
-225 	 203
-354 	 196
131 	 -51
-181 	 -307
72 	 132
27 	 49
-35 	 53
-153 	 237
303 	 -261
271 	 179
34 	 228
-298 	 -212
-555 	 425
186 	 -148
-349 	 103
220 	 116
412 	 24
-255 	 -227
79 	 -9
-192 	 -142
17 	 -75
110 	 70
52 	 58
186 	 118
-1 	 213
262 	 -22
100 	 174
34 	 -144
142 	 48
-125 	 77
-185 	 61
-54 	 42
-28 	 94
-49 	 -243
152 	 -192
-8 	 158
-140 	 -40
104 	 20
-111 	 -153
2 	 108
-334 	 160
355 	 153
-170 	 360
-9 	 177
42 	 194
87 	 1
71 	 -395
147 	 -619
-132 	 182
25 	 -241
46 	 -176
207 	 45
70 	 -156
-311 	 -133
-121 	 -181
137 	 127
-409 	 -255
143 	 217
212 	 252
247 	 645
150 	 -184
-180 	 136
89 	 -51
-100 	 56
-51 	 141
333 	 285
-169 	 87
69 	 -185
133 	 -199
-87 	 -391
-413 	 -149
-81 	 431
-11 	 -49
365 	 463
-60 	 230
-433 	 245
-276 	 -250
-131 	 401
18 	 24
-21 	 169
-21 	 -65
-302 	 -316
224 	 372
-168 	 -228
52 	 238
66 	 -360
89 	 -127
248 	 -150
-48 	 332
-509 	 151
414 	 -292
-16 	 122
-310 	 194
252 	 -140
63 	 179
-29 	 -151
-190 	 -258
182 	 206
296 	 56
258 	 214
-175 	 -469
-747 	 -267
21 	 203
75 	 371
-56 	 -60
-40 	 -82
437 	 -175
-354 	 -162
109 	 -79
-61 	 -139
82 	 134
313 	 -81
-272 	 -342
200 	 44
-149 	 -69
506 	 -56
-311 	 -39
334 	 200
91 	 249
-94 	 306
168 	 12
-447 	 -107
63 	 201
-97 	 -69
-7 	 217
-134 	 316
-75 	 169
70 	 -32
179 	 -69
135 	 -3
220 	 -274
-269 	 -243
144 	 50
-126 	 -252
-257 	 -161
91 	 25
-117 	 -495
-130 	 78
-270 	 -282
94 	 -120
141 	 -47
-107 	 101
-154 	 6
458 	 -538
-142 	 138
123 	 -117
-433 	 -57
-126 	 -42
-135 	 -261
-359 	 173
-48 	 -142
-39 	 -109
111 	 33
-191 	 -165
154 	 -174
173 	 -95
-225 	 -241
201 	 -339
357 	 103
-274 	 -42
-292 	 -116
208 	 252
-2 	 -192
149 	 -271
12 	 -90
-140 	 -78
-72 	 -228
142 	 -210
123 	 -35
-22 	 -138
137 	 153
183 	 -171
-244 	 170
252 	 44
10 	 -52
100 	 -430
337 	 41
-123 	 -141
13 	 -47
-31 	 -129
-13 	 -201
-177 	 -51
57 	 33
164 	 -304
-102 	 16
-266 	 402
-72 	 -138
167 	 -53
218 	 -52
-211 	 -17
86 	 40
-79 	 79
67 	 -115
-1 	 -105
157 	 145
173 	 137
-322 	 238
91 	 257
-236 	 -390
-332 	 148
-4 	 -52
-273 	 113
-437 	 -19
134 	 -58
255 	 145
-101 	 77
85 	 91
275 	 -419
-450 	 -102
-158 	 304
144 	 176
-110 	 180
-179 	 -103
-32 	 164
-191 	 605
-143 	 109
-96 	 202
-359 	 -187
-68 	 494
322 	 -158
18 	 -318
100 	 -38
298 	 118
133 	 -397
219 	 21
-414 	 2
8 	 -286
191 	 -209
260 	 -208
126 	 100
-340 	 12
-275 	 47
-279 	 199
-63 	 -205
-83 	 225
47 	 -167
206 	 -306
-171 	 187
455 	 -357
172 	 110
-20 	 -78
399 	 -71
-159 	 333
-85 	 -195
245 	 -45
12 	 -172
-499 	 135
-23 	 353
-172 	 182
-17 	 17
350 	 184
-296 	 -266
-169 	 -73
-279 	 -393
245 	 -109
-194 	 -336
99 	 341
211 	 149
-317 	 -351
192 	 58
-119 	 -119
142 	 126
-39 	 -61
-196 	 160
-250 	 244
215 	 155
-216 	 42
127 	 305
-20 	 -70
-105 	 15
-142 	 -152
-273 	 63
-177 	 159
-185 	 123
132 	 -96
99 	 461
32 	 -34
-98 	 224
230 	 -316
-163 	 53
-281 	 -107
248 	 -68
-99 	 -177
176 	 -130
106 	 -242
-54 	 -200
-138 	 -30
81 	 -599
-64 	 -228
-156 	 84
-83 	 41
-306 	 104
-264 	 -252
-137 	 -9
284 	 72
84 	 -60
-84 	 160
117 	 163
-106 	 244
-298 	 -214
-358 	 158
344 	 -170
-67 	 -33
219 	 -227
86 	 74
408 	 -102
-245 	 253
-212 	 12
-102 	 208
218 	 120
48 	 220
290 	 376
-136 	 -464
-49 	 -237
297 	 33
-89 	 209
-155 	 -131
27 	 -31
-41 	 93
-52 	 -58
-266 	 292
-65 	 -271
221 	 -197
-351 	 -21
-141 	 -133
-378 	 -90
-112 	 68
94 	 38
41 	 61
-257 	 -127
98 	 -216
169 	 77
345 	 47
-135 	 -245
-119 	 257
-196 	 -124
61 	 -335
136 	 -202
-16 	 144
379 	 47
-365 	 -83
-168 	 16
31 	 -119
125 	 -235
-59 	 -209
-37 	 437
-301 	 -189
329 	 -177
189 	 37
175 	 -297
-47 	 -261
-270 	 74
126 	 -74
262 	 442
-293 	 -45
267 	 17
237 	 123
31 	 241
-57 	 -691
93 	 -519
-424 	 170
-166 	 238
85 	 31
-28 	 -20
-48 	 254
93 	 187
186 	 -18
-204 	 248
-64 	 -182
207 	 153
107 	 -53
-27 	 -329
305 	 -313
-37 	 53
70 	 -126
417 	 -383
-19 	 -55
-52 	 206
116 	 -428
22 	 254
106 	 -490
79 	 -37
-122 	 88
29 	 -79
-134 	 136
-131 	 47
-203 	 73
301 	 -315
63 	 -71
-8 	 -226
157 	 -61
375 	 231
89 	 -137
-187 	 -139
-161 	 -105
205 	 -19
-261 	 -195
281 	 -201
50 	 -84
92 	 -150
-123 	 -49
-137 	 47
-115 	 -143
163 	 47
-255 	 -101
-309 	 -83
87 	 -423
-201 	 127
-261 	 149
112 	 22
253 	 55
-430 	 -92
-8 	 -182
41 	 -249
62 	 -56
-211 	 -51
30 	 148
-392 	 -28
255 	 -29
-282 	 90
280 	 -300
37 	 -405
243 	 -451
130 	 -218
-210 	 158
-249 	 421
369 	 -155
71 	 383
-86 	 82
11 	 -89
-360 	 -76
88 	 32
292 	 200
-174 	 -284
53 	 189
-169 	 -9
-45 	 87
-196 	 198
62 	 190
54 	 -2
-362 	 12
134 	 244
119 	 -79
-414 	 -160
-35 	 -41
-308 	 130
-93 	 25
-100 	 -32
-66 	 -240
-392 	 108
542 	 -158
-170 	 -22
-61 	 -79
-248 	 306
-107 	 35
110 	 226
-26 	 144
-198 	 154
227 	 149
-165 	 -205
20 	 20
-36 	 -358
30 	 -274
-32 	 -122
-160 	 102
15 	 -75
205 	 81
-10 	 -36
-114 	 426
439 	 175
87 	 -47
-140 	 36
-212 	 66
313 	 55
-193 	 -117
-393 	 -237
-460 	 -310
342 	 214
-68 	 -48
222 	 -220
-48 	 164
-89 	 -515
78 	 -232
-171 	 45
-265 	 275
-68 	 -216
189 	 155
295 	 167
-84 	 204
246 	 280
183 	 -311
-94 	 466
85 	 213
166 	 300
-22 	 128
63 	 133
-218 	 328
-135 	 25
260 	 210
-763 	 -139
-65 	 131
-88 	 74
287 	 295
-163 	 -5
199 	 -107
-386 	 292
114 	 -266
-275 	 -167
37 	 63
-223 	 -59
-205 	 -165
-234 	 -142
-223 	 255
22 	 62
223 	 141
-115 	 -25
-145 	 -29
249 	 -279
-60 	 -114
118 	 -310
151 	 -283
-19 	 203
69 	 237
-79 	 19
-83 	 -33
-120 	 -108
-172 	 -334
-47 	 157
67 	 3
-206 	 -164
71 	 133
212 	 -448
-321 	 -87
191 	 127
144 	 -108
259 	 -265
-63 	 265
67 	 -155
-163 	 165
90 	 208
280 	 4
-34 	 38
-171 	 -97
350 	 222
196 	 -202
-324 	 238
59 	 207
-98 	 32
194 	 -76
-262 	 50
-117 	 -399
-54 	 58
104 	 4
276 	 34
-322 	 10
254 	 -44
-180 	 -68
-85 	 233
-137 	 -139
267 	 -181
-215 	 -153
216 	 270
65 	 -373
14 	 290
-118 	 66
-245 	 -253
-82 	 378
169 	 307
57 	 167
52 	 -192
-13 	 -367
-267 	 309
188 	 248
-309 	 -143
-286 	 130
421 	 169
63 	 135
-91 	 -51
52 	 48
51 	 213
199 	 295
6 	 -80
-170 	 -128
447 	 303
130 	 46
84 	 -290
100 	 80
-222 	 -96
65 	 389
-32 	 -146
-239 	 173
54 	 -38
-103 	 157
126 	 -44
-145 	 5
-258 	 -170
297 	 -29
-146 	 -20
-40 	 -86
-172 	 -24
176 	 322
-189 	 -93
-396 	 256
-164 	 68
609 	 195
41 	 291
72 	 14
-127 	 235
-124 	 170
-81 	 247
-113 	 69
280 	 58
192 	 112
-52 	 -346
55 	 -127
137 	 -5
-5 	 5
-57 	 123
167 	 -281
-151 	 -151
-237 	 107
-95 	 -189
-75 	 197
212 	 96
268 	 -164
33 	 -87
132 	 -154
-278 	 -72
75 	 51
-284 	 154
178 	 28
-196 	 290
-313 	 -113
30 	 -274
-162 	 84
-294 	 170
117 	 -307
-62 	 -136
-130 	 -198
119 	 65
169 	 37
200 	 -362
477 	 -71
195 	 101
-165 	 63
114 	 -592
144 	 86
226 	 -64
-416 	 -266
96 	 -304
-385 	 -39
411 	 235
-288 	 2
36 	 -32
166 	 168
-26 	 -290
197 	 -195
145 	 135
285 	 103
-85 	 125
-49 	 -39
-257 	 223
346 	 6
-365 	 -113
36 	 14
-126 	 148
420 	 -84
-149 	 -143
-248 	 -288
-195 	 -119
-137 	 35
100 	 4
-211 	 111
161 	 -157
-491 	 51
-163 	 -5
15 	 41
10 	 -240
-16 	 150
-241 	 169
-235 	 211
-59 	 21
49 	 -59
-245 	 -81
247 	 71
416 	 -88
-329 	 109
-129 	 35
61 	 -209
-152 	 54
311 	 221
56 	 140
-467 	 -187
-112 	 120
-85 	 89
-199 	 -131
75 	 -67
168 	 -136
196 	 -318
-62 	 282
57 	 -171
-191 	 -333
-165 	 -125
169 	 189
-116 	 -56
-18 	 -190
6 	 -182
259 	 -387
-29 	 171
265 	 189
-214 	 -240
-397 	 -145
-272 	 344
-127 	 267
-187 	 -143
163 	 -129
-291 	 -97
-264 	 158
-347 	 -403
221 	 -329
162 	 54
30 	 -114
171 	 -353
-62 	 -238
66 	 46
-178 	 -206
96 	 186
14 	 -460
79 	 315
-34 	 -76
-148 	 -12
334 	 328
87 	 11
-104 	 -90
-379 	 329
83 	 81
146 	 -502
38 	 -92
-30 	 368
173 	 -55
158 	 -286
-29 	 427
-301 	 95
-38 	 -106
-525 	 -25
-264 	 -168
-110 	 -90
209 	 -41
-204 	 -100
260 	 -460
346 	 -106
83 	 209
-3 	 -233
-88 	 0
154 	 -30
-169 	 -333
-135 	 -115
93 	 -41
81 	 -253
-70 	 260
-55 	 -119
-122 	 162
-365 	 133
605 	 241
81 	 -407
63 	 151
-207 	 37
100 	 -158
-256 	 -118
261 	 -129
11 	 -135
-82 	 -404
223 	 147
230 	 -402
224 	 -160
310 	 56
-132 	 -196
274 	 -30
-291 	 65
-238 	 -146
-268 	 146
93 	 -171
-109 	 -333
-130 	 -80
-428 	 -68
363 	 -181
0 	 -110
-38 	 -26
-369 	 269
-192 	 -132
-142 	 -68
-83 	 -59
-98 	 -182
266 	 200
269 	 -51
-172 	 -80
-248 	 -226
-55 	 21
-213 	 -245
-20 	 -24
-274 	 66
265 	 -155
187 	 369
377 	 13
170 	 -66
27 	 379
-126 	 -40
397 	 -221
82 	 -16
-14 	 -94
461 	 163
189 	 -245
-99 	 229
274 	 142
-209 	 -75
-181 	 -49
186 	 -246
243 	 135
236 	 58
-273 	 509
16 	 26
-213 	 -179
-367 	 127
71 	 -105
236 	 238
-225 	 39
217 	 21
80 	 26
37 	 -183
495 	 -267
248 	 144
-67 	 -65
10 	 -48
202 	 -620
161 	 167
35 	 159
192 	 -278
440 	 106
71 	 353
-9 	 -83
-241 	 87
205 	 -507
-15 	 109
-57 	 -261
-46 	 92
-99 	 -207
-59 	 -373
-377 	 -97
-473 	 213
31 	 -245
205 	 219
153 	 -131
297 	 -141
-1 	 -367
62 	 166
182 	 306
220 	 50
-102 	 304
-129 	 -183
-409 	 -69
196 	 102
-279 	 -559
-90 	 -212
169 	 -259
268 	 36
218 	 198
280 	 4
-188 	 314
-83 	 387
49 	 -9
-48 	 112
156 	 42
-24 	 -374
-66 	 -368
196 	 -390
404 	 -258
-381 	 337
-14 	 -88
-133 	 -183
72 	 -104
-151 	 -13
-130 	 -400
77 	 -1
-305 	 37
-130 	 -196
-179 	 269
-98 	 -42
69 	 -19
-462 	 150
15 	 165
-598 	 -70
54 	 -546
47 	 65
-110 	 54
181 	 -173
-225 	 151
430 	 142
-532 	 170
37 	 -259
-92 	 -8
37 	 -57
158 	 138
-187 	 183
-21 	 -15
376 	 198
42 	 -416
-257 	 -275
-32 	 -216
25 	 155
-153 	 -119
174 	 254
-90 	 -362
419 	 -217
-131 	 149
173 	 29
-149 	 209
48 	 -16
38 	 284
-5 	 31
-15 	 -59
-22 	 58
129 	 183
427 	 187
-98 	 260
95 	 197
318 	 234
-1 	 -155
-96 	 -184
181 	 -361
61 	 145
63 	 -167
-300 	 134
37 	 21
-120 	 -136
418 	 -418
-293 	 221
-319 	 55
-181 	 31
-137 	 -17
-53 	 81
-318 	 32
-172 	 132
-193 	 -33
-93 	 -127
78 	 148
351 	 -17
26 	 -160
55 	 175
183 	 99
-99 	 -129
111 	 -275
-271 	 -65
-47 	 -225
-187 	 83
-132 	 90
-295 	 233
2 	 34
-21 	 163
-413 	 85
106 	 278
-13 	 -41
-179 	 451
310 	 -354
219 	 145
-294 	 -26
68 	 -102
-170 	 156
-206 	 -50
-466 	 -80
-178 	 -84
262 	 -214
108 	 46
-131 	 -121
17 	 -159
106 	 86
-119 	 -197
412 	 156
83 	 291
-295 	 -77
-235 	 149
-19 	 -365
-228 	 38
-324 	 210
-187 	 225
369 	 203
142 	 -194
176 	 20
309 	 263
-300 	 8
178 	 -214
-25 	 31
240 	 54
61 	 -205
-302 	 -90
-246 	 -156
2 	 -62
-223 	 -241
-211 	 57
213 	 547
53 	 123
-28 	 -394
188 	 54
-73 	 -57
85 	 -115
-334 	 -320
17 	 -123
-51 	 -105
32 	 298
115 	 -435
118 	 134
-151 	 43
-115 	 89
-405 	 217
-63 	 233
-84 	 -288
113 	 -237
97 	 -485
80 	 340
33 	 257
-233 	 193
26 	 52
-357 	 -47
-86 	 -562
-247 	 -269
-225 	 -541
203 	 199
54 	 -74
-92 	 -4
259 	 -67
7 	 -19
-106 	 -102
19 	 211
-1 	 41
-42 	 116
36 	 -60
145 	 -81
152 	 282
214 	 18
2 	 -176
10 	 4
-70 	 182
-26 	 102
174 	 -16
-208 	 278
9 	 -151
27 	 -33
190 	 210
-123 	 51
209 	 -59
44 	 -98
-36 	 90
3 	 -115
-236 	 44
-231 	 111
-221 	 -401
124 	 -64
-258 	 18
388 	 -32
-90 	 6
45 	 -95
16 	 -6
42 	 -30
9 	 -135
-145 	 57
97 	 -203
77 	 121
6 	 170
-214 	 -148
-183 	 -45
-180 	 286
-410 	 -52
-360 	 56
13 	 33
-32 	 -140
22 	 -110
-115 	 123
-154 	 22
-132 	 -264
-201 	 -247
-100 	 86
-172 	 200
35 	 -163
93 	 -127
-389 	 161
-101 	 -313
51 	 -161
86 	 46
-106 	 -282
-105 	 385
259 	 309
-51 	 -333
83 	 -15
135 	 199
340 	 68
211 	 113
393 	 39
239 	 -145
-460 	 -278
-112 	 -4
-150 	 -154
-213 	 -59
162 	 160
-251 	 199
115 	 169
35 	 137
-102 	 -194
-429 	 -595
298 	 -332
97 	 49
89 	 169
-130 	 4
135 	 123
-71 	 -97
329 	 -75
-358 	 242
192 	 42
-47 	 379
108 	 32
20 	 244
-91 	 29
-33 	 337
106 	 114
-195 	 91
247 	 -23
228 	 -212
-6 	 -30
-228 	 -344
-174 	 -14
-220 	 104
484 	 -434
-140 	 -20
206 	 -232
239 	 -231
211 	 -299
-225 	 161
-391 	 -401
490 	 -20
-351 	 11
-173 	 419
210 	 -88
-228 	 232
-214 	 -84
-292 	 216
383 	 -39
287 	 -57
-162 	 26
-90 	 -276
-100 	 246
286 	 280
253 	 165
272 	 76
-87 	 -133
50 	 122
158 	 -270
-52 	 -264
-108 	 -8
-127 	 -171
179 	 171
52 	 -50
-146 	 60
-123 	 -385
318 	 -78
-110 	 196
-5 	 -255
-114 	 -26
-5 	 -485
181 	 19
-141 	 -157
-293 	 155
198 	 -44
37 	 -431
23 	 49
7 	 147
-2 	 -40
173 	 -219
-207 	 -119
-21 	 -297
228 	 -52
-187 	 41
-303 	 255
-110 	 -184
-391 	 -103
146 	 -310
53 	 267
202 	 -4
391 	 21
127 	 -265
-56 	 198
-126 	 112
-115 	 -327
120 	 -124
67 	 167
-247 	 145
51 	 -305
94 	 -150
297 	 -319
191 	 119
-379 	 -265
-136 	 -198
169 	 -453
43 	 -107
-84 	 -166
-156 	 428
-30 	 334
-84 	 46
77 	 649
-112 	 138
419 	 79
-257 	 227
82 	 168
-141 	 385
239 	 489
-92 	 108
-167 	 -119
224 	 -144
-168 	 78
193 	 13
33 	 137
-300 	 -312
107 	 209
42 	 -2
-209 	 -87
-165 	 587
123 	 105
132 	 -44
-292 	 152
-219 	 267
-128 	 4
455 	 439
-186 	 30
-21 	 -203
107 	 193
83 	 -89
78 	 -258
396 	 90
-63 	 127
-162 	 92
-366 	 -288
77 	 -17
-21 	 179
-102 	 268
144 	 28
-413 	 3
-205 	 263
123 	 395
14 	 368
-45 	 -377
178 	 -50
-105 	 -113
136 	 542
-47 	 -175
100 	 378
-147 	 221
46 	 182
-23 	 127
163 	 41
-77 	 145
-63 	 -225
203 	 -97
17 	 -71
-8 	 108
186 	 -238
11 	 177
-24 	 184
267 	 89
170 	 -458
-173 	 -423
2 	 26
-118 	 24
-67 	 -113
121 	 -51
-226 	 -302
-78 	 282
-183 	 351
-8 	 -312
-20 	 216
66 	 -16
407 	 303
195 	 257
-176 	 16
172 	 396
377 	 -295
336 	 72
-282 	 126
16 	 156
229 	 141
-172 	 -40
251 	 -11
-77 	 -113
119 	 289
-123 	 -109
-46 	 210
74 	 -4
-304 	 -182
398 	 18
88 	 508
-175 	 -263
19 	 -409
-99 	 -93
-256 	 18
-251 	 -103
-52 	 214
267 	 65
283 	 -161
111 	 -37
158 	 -50
2 	 -96
237 	 -349
404 	 -384
259 	 175
101 	 43
-132 	 16
-149 	 -91
277 	 -419
155 	 -137
-119 	 235
16 	 78
-54 	 -110
113 	 7
73 	 -297
269 	 75
106 	 -158
-205 	 169
-238 	 132
-57 	 141
-406 	 124
-33 	 -335
133 	 21
-47 	 181
-120 	 -64
-69 	 193
66 	 16
125 	 31
-261 	 -59
79 	 41
75 	 -71
53 	 -345
-192 	 -224
196 	 408
146 	 20
-181 	 -283
-164 	 -202
-144 	 -170
-41 	 255
-154 	 24
296 	 -8
28 	 168
-74 	 128
13 	 47
-63 	 -93
-13 	 -157
-250 	 350
96 	 -18
-313 	 517
-526 	 156
251 	 -357
-120 	 194
-82 	 -96
-77 	 -227
-181 	 -29
102 	 -232
249 	 177
-31 	 213
130 	 322
-150 	 110
-318 	 120
118 	 126
47 	 33
-135 	 67
61 	 -49
384 	 310
161 	 395
-55 	 327
201 	 5
-104 	 -88
413 	 -59
54 	 -138
-336 	 118
-164 	 304
401 	 149
-202 	 -242
-165 	 163
-160 	 -12
12 	 -322
202 	 -40
-177 	 27
-158 	 -8
-129 	 -235
-342 	 286
89 	 25
97 	 107
100 	 -260
-108 	 426
-63 	 71
-161 	 57
-455 	 -225
167 	 281
-11 	 187
37 	 -65
-207 	 15
-184 	 346
-547 	 -45
-34 	 188
-148 	 -140
-322 	 34
44 	 -454
-85 	 45
107 	 149
22 	 -328
168 	 -170
95 	 -65
666 	 -136
228 	 142
-83 	 57
-186 	 128
64 	 192
-97 	 -249
-311 	 73
-34 	 -86
-60 	 76
-155 	 339
-231 	 267
-322 	 162
-175 	 271
189 	 -135
-320 	 -228
-134 	 -82
6 	 280
-114 	 228
-339 	 -119
-342 	 -50
343 	 -95
165 	 167
291 	 -231
145 	 -303
-86 	 -32
69 	 59
295 	 441
-210 	 0
-110 	 -172
-374 	 -622
300 	 96
232 	 -14
-180 	 -36
-138 	 -164
-199 	 299
157 	 -9
-264 	 146
101 	 -353
225 	 -157
-42 	 66
82 	 -380
-195 	 33
10 	 -74
-46 	 -98
-37 	 -55
47 	 161
237 	 161
-168 	 444
-38 	 -158
239 	 -185
117 	 -57
333 	 439
-318 	 244
327 	 -455
75 	 -119
-226 	 -258
118 	 90
-178 	 188
161 	 -239
-13 	 -265
-146 	 144
-256 	 32
121 	 37
99 	 -199
441 	 117
87 	 211
20 	 212
306 	 240
-67 	 -31
-48 	 -260
-124 	 208
-3 	 -93
397 	 49
-65 	 -365
-27 	 -89
332 	 130
344 	 -44
154 	 -342
-33 	 461
41 	 115
-61 	 -5
-296 	 -364
91 	 231
-272 	 78
-165 	 -301
135 	 -133
-18 	 -304
417 	 -61
107 	 -103
-191 	 -157
310 	 -208
-223 	 -321
-294 	 -288
-318 	 32
173 	 113
168 	 -490
-1 	 79
-194 	 -116
112 	 112
-37 	 375
500 	 18
63 	 -149
178 	 -252
147 	 161
-80 	 -146
-103 	 227
216 	 -10
-26 	 276
-558 	 -78
-431 	 1
-472 	 94
-117 	 247
67 	 185
187 	 -37
-59 	 39
-38 	 292
-99 	 -409
-167 	 -41
-26 	 42
199 	 379
-179 	 115
12 	 -510
265 	 -37
235 	 -39
137 	 27
-298 	 248
-154 	 -226
-92 	 256
70 	 -98
5 	 -135
10 	 446
-286 	 164
-278 	 8
-40 	 132
56 	 200
-139 	 179
-38 	 -6
-392 	 -280
77 	 463
-281 	 -347
351 	 -389
0 	 -50
-162 	 -444
-283 	 71
36 	 -710
155 	 -13
-730 	 2
-302 	 -114
-14 	 250
-190 	 134
226 	 264
-32 	 -126
147 	 155
-51 	 147
-128 	 38
21 	 -123
1 	 33
-77 	 279
-95 	 -211
239 	 -285
-57 	 -175
-193 	 103
167 	 111
138 	 -140
210 	 -362
-72 	 -308
269 	 61
-54 	 -218
71 	 -121
-145 	 251
-126 	 -482
-260 	 124
130 	 56
-101 	 -217
-319 	 135
-123 	 -55
22 	 76
93 	 -269
-529 	 -155
13 	 -247
-165 	 -543
-81 	 -383
-71 	 -337
-99 	 391
-64 	 172
-61 	 85
-88 	 -124
252 	 -198
203 	 211
-89 	 207
78 	 152
40 	 -50
148 	 468
-47 	 87
-276 	 138
-124 	 -52
-267 	 137
48 	 -72
151 	 237
59 	 341
-18 	 -242
-134 	 -92
-95 	 69
8 	 238
-160 	 -24
-632 	 -130
169 	 -179
-223 	 341
155 	 -59
-203 	 237
-218 	 108
-358 	 -38
26 	 104
392 	 -160
37 	 99
123 	 -163
237 	 -237
-90 	 328
-235 	 -289
157 	 65
260 	 162
-284 	 -72
311 	 311
710 	 -208
68 	 10
-280 	 332
-42 	 216
197 	 135
-223 	 197
18 	 46
-20 	 84
72 	 92
-79 	 33
-212 	 52
18 	 -60
30 	 212
-222 	 -42
59 	 -249
237 	 115
-225 	 63
91 	 -757
-76 	 56
-368 	 196
-409 	 -195
-11 	 -165
-47 	 -33
-198 	 -256
-139 	 77
293 	 227
-91 	 197
-176 	 -314
-35 	 -217
-220 	 4
77 	 297
-49 	 -139
-101 	 -65
-387 	 179
-133 	 -49
-407 	 -223
-3 	 53
13 	 83
18 	 190
10 	 -16
-126 	 -16
-6 	 -126
-213 	 -77
-20 	 52
63 	 5
-3 	 -53
-307 	 29
0 	 24
268 	 82
-7 	 235
362 	 -96
-70 	 -340
347 	 -349
-4 	 -328
72 	 -712
-172 	 158
147 	 -239
-147 	 -21
110 	 -110
230 	 -26
-120 	 -384
255 	 83
-24 	 -46
298 	 -344
-124 	 88
17 	 145
281 	 187
-188 	 198
118 	 14
-210 	 -206
246 	 -132
-88 	 240
28 	 -84
46 	 -12
123 	 127
127 	 -333
31 	 -15
53 	 -23
392 	 -200
93 	 11
-466 	 -372
-48 	 228
28 	 80
-42 	 -66
27 	 363
-23 	 -27
-85 	 -165
-274 	 284
-123 	 -361
-135 	 -135
-207 	 3
-322 	 -84
-145 	 283
-8 	 -106
-176 	 88
-26 	 6
-18 	 20
-246 	 16
188 	 -244
-285 	 -383
-43 	 35
52 	 464
-122 	 -112
-344 	 214
88 	 326
181 	 229
102 	 -262
102 	 168
-133 	 -179
91 	 -81
264 	 -158
100 	 64
132 	 -38
154 	 -160
103 	 119
127 	 -81
128 	 34
323 	 45
-190 	 128
-176 	 328
-350 	 -178
219 	 -289
85 	 -71
-216 	 -72
-2 	 -18
-31 	 -61
1 	 -55
-108 	 218
147 	 51
-96 	 218
-198 	 20
137 	 -143
-178 	 18
359 	 -51
65 	 151
113 	 -163
-28 	 396
-147 	 -155
200 	 -144
-87 	 221
90 	 -340
-358 	 28
-150 	 -214
-247 	 -137
78 	 -112
-199 	 -263
36 	 186
51 	 67
101 	 -281
-72 	 108
-266 	 -30
146 	 -72
-112 	 18
-35 	 359
-170 	 66
-153 	 259
52 	 156
-259 	 -491
27 	 183
16 	 96
-211 	 -7
151 	 121
362 	 62
194 	 -124
-74 	 204
-766 	 70
116 	 148
-244 	 -52
118 	 76
78 	 160
410 	 -10
-287 	 -207
60 	 -112
-33 	 -125
-16 	 178
112 	 8
-122 	 -56
233 	 273
-5 	 -25
326 	 338
97 	 -67
-105 	 -39
151 	 -31
-83 	 -127
-189 	 421
32 	 -4
-42 	 26
-20 	 -248
258 	 -312
-354 	 294
296 	 -150
-138 	 -4
-279 	 -147
28 	 100
-45 	 335
122 	 44
-11 	 303
-224 	 162
266 	 274
-34 	 -142
122 	 -350
81 	 -511
-256 	 104
320 	 -320
-51 	 21
37 	 159
169 	 -423
-244 	 -246
-202 	 -58
235 	 35
-511 	 -63
391 	 397
-1 	 157
374 	 360
-15 	 65
-39 	 135
-138 	 -254
175 	 207
3 	 325
119 	 191
-70 	 -172
148 	 -6
57 	 -387
-389 	 -373
45 	 -3
-231 	 305
-54 	 168
439 	 423
-405 	 217
-117 	 117
-435 	 -7
35 	 397
-158 	 4
73 	 -91
-135 	 45
-163 	 -5
266 	 -182
-340 	 46
201 	 77
254 	 -336
143 	 51
-20 	 -68
-307 	 65
-268 	 70
517 	 -137
-275 	 117
10 	 320
59 	 -23
163 	 -95
-277 	 -167
-18 	 -66
240 	 176
419 	 213
-8 	 -256
-248 	 -216
-533 	 -249
-52 	 232
116 	 328
-117 	 -15
176 	 -258
307 	 157
-386 	 -654
9 	 323
268 	 -270
96 	 188
-47 	 -377
-83 	 -45
-38 	 -140
172 	 110
263 	 -81
-17 	 -11
187 	 333
-119 	 261
225 	 25
-4 	 124
-278 	 -144
-44 	 128
-220 	 54
-79 	 285
-84 	 318
54 	 14
-69 	 -167
635 	 -67
-161 	 19
44 	 -286
-155 	 95
229 	 -193
-369 	 -457
-98 	 230
-87 	 -241
58 	 -144
-36 	 -64
-355 	 -209
79 	 -423
-8 	 12
-45 	 177
56 	 -120
308 	 -508
37 	 241
-220 	 -30
-292 	 -56
-316 	 -206
-38 	 -66
-70 	 18
-276 	 18
-1 	 -5
102 	 -272
-188 	 -150
253 	 -5
73 	 -107
-206 	 -400
380 	 -398
195 	 89
-426 	 98
-55 	 131
95 	 77
-67 	 -381
218 	 -178
-122 	 -78
71 	 -255
97 	 -363
97 	 125
-71 	 -177
