	 0.00 	 5.00 	 0.00 	 25.00
	 0.00 	 -5.00 	 0.01 	 25.000000
	 -0.05 	 -5.00 	 0.02 	 25.000000
	 -0.10 	 -5.00 	 0.03 	 25.000001
	 -0.15 	 -5.00 	 0.04 	 25.000002
	 -0.20 	 -4.99 	 0.05 	 25.000004
	 -0.25 	 -4.99 	 0.06 	 25.000006
	 -0.30 	 -4.98 	 0.07 	 25.000009
	 -0.35 	 -4.98 	 0.08 	 25.000012
	 -0.40 	 -4.97 	 0.09 	 25.000016
	 -0.45 	 -4.96 	 0.10 	 25.000020
	 -0.50 	 -4.95 	 0.11 	 25.000025
	 -0.55 	 -4.94 	 0.12 	 25.000030
	 -0.60 	 -4.93 	 0.13 	 25.000036
	 -0.65 	 -4.92 	 0.14 	 25.000042
	 -0.70 	 -4.90 	 0.15 	 25.000048
	 -0.74 	 -4.89 	 0.16 	 25.000055
	 -0.79 	 -4.87 	 0.17 	 25.000063
	 -0.84 	 -4.86 	 0.18 	 25.000071
	 -0.89 	 -4.84 	 0.19 	 25.000079
	 -0.94 	 -4.82 	 0.20 	 25.000088
	 -0.99 	 -4.80 	 0.21 	 25.000097
	 -1.03 	 -4.78 	 0.22 	 25.000107
	 -1.08 	 -4.76 	 0.23 	 25.000117
	 -1.13 	 -4.74 	 0.24 	 25.000128
	 -1.18 	 -4.71 	 0.25 	 25.000139
	 -1.22 	 -4.69 	 0.26 	 25.000150
	 -1.27 	 -4.67 	 0.27 	 25.000162
	 -1.32 	 -4.64 	 0.28 	 25.000174
	 -1.36 	 -4.61 	 0.29 	 25.000186
	 -1.41 	 -4.59 	 0.30 	 25.000199
	 -1.46 	 -4.56 	 0.31 	 25.000212
	 -1.50 	 -4.53 	 0.32 	 25.000225
	 -1.55 	 -4.50 	 0.33 	 25.000239
	 -1.59 	 -4.47 	 0.34 	 25.000253
	 -1.64 	 -4.43 	 0.35 	 25.000267
	 -1.68 	 -4.40 	 0.36 	 25.000282
	 -1.72 	 -4.37 	 0.37 	 25.000297
	 -1.77 	 -4.33 	 0.38 	 25.000312
	 -1.81 	 -4.30 	 0.39 	 25.000328
	 -1.85 	 -4.26 	 0.40 	 25.000343
	 -1.90 	 -4.22 	 0.41 	 25.000359
	 -1.94 	 -4.18 	 0.42 	 25.000375
	 -1.98 	 -4.14 	 0.43 	 25.000392
	 -2.02 	 -4.10 	 0.44 	 25.000408
	 -2.06 	 -4.06 	 0.45 	 25.000425
	 -2.10 	 -4.02 	 0.46 	 25.000442
	 -2.14 	 -3.98 	 0.47 	 25.000458
	 -2.18 	 -3.94 	 0.48 	 25.000476
	 -2.22 	 -3.89 	 0.49 	 25.000493
	 -2.26 	 -3.85 	 0.50 	 25.000510
	 -2.30 	 -3.80 	 0.51 	 25.000528
	 -2.33 	 -3.75 	 0.52 	 25.000545
	 -2.37 	 -3.71 	 0.53 	 25.000563
	 -2.41 	 -3.66 	 0.54 	 25.000580
	 -2.45 	 -3.61 	 0.55 	 25.000598
	 -2.48 	 -3.56 	 0.56 	 25.000616
	 -2.52 	 -3.51 	 0.57 	 25.000633
	 -2.55 	 -3.46 	 0.58 	 25.000651
	 -2.59 	 -3.41 	 0.59 	 25.000669
	 -2.62 	 -3.36 	 0.60 	 25.000686
	 -2.65 	 -3.31 	 0.61 	 25.000704
	 -2.69 	 -3.25 	 0.62 	 25.000721
	 -2.72 	 -3.20 	 0.63 	 25.000739
	 -2.75 	 -3.14 	 0.64 	 25.000756
	 -2.78 	 -3.09 	 0.65 	 25.000773
	 -2.81 	 -3.03 	 0.66 	 25.000790
	 -2.84 	 -2.98 	 0.67 	 25.000807
	 -2.87 	 -2.92 	 0.68 	 25.000824
	 -2.90 	 -2.86 	 0.69 	 25.000841
	 -2.93 	 -2.80 	 0.70 	 25.000857
	 -2.96 	 -2.74 	 0.71 	 25.000874
	 -2.98 	 -2.68 	 0.72 	 25.000890
	 -3.01 	 -2.62 	 0.73 	 25.000906
	 -3.04 	 -2.56 	 0.74 	 25.000921
	 -3.06 	 -2.50 	 0.75 	 25.000937
	 -3.09 	 -2.44 	 0.76 	 25.000952
	 -3.11 	 -2.38 	 0.77 	 25.000967
	 -3.13 	 -2.32 	 0.78 	 25.000982
	 -3.16 	 -2.25 	 0.79 	 25.000996
	 -3.18 	 -2.19 	 0.80 	 25.001010
	 -3.20 	 -2.13 	 0.81 	 25.001024
	 -3.22 	 -2.06 	 0.82 	 25.001037
	 -3.24 	 -2.00 	 0.83 	 25.001050
	 -3.26 	 -1.93 	 0.84 	 25.001063
	 -3.28 	 -1.87 	 0.85 	 25.001076
	 -3.30 	 -1.80 	 0.86 	 25.001088
	 -3.32 	 -1.74 	 0.87 	 25.001099
	 -3.33 	 -1.67 	 0.88 	 25.001111
	 -3.35 	 -1.60 	 0.89 	 25.001122
	 -3.36 	 -1.54 	 0.90 	 25.001132
	 -3.38 	 -1.47 	 0.91 	 25.001142
	 -3.39 	 -1.40 	 0.92 	 25.001152
	 -3.41 	 -1.33 	 0.93 	 25.001161
	 -3.42 	 -1.26 	 0.94 	 25.001170
	 -3.43 	 -1.20 	 0.95 	 25.001179
	 -3.44 	 -1.13 	 0.96 	 25.001187
	 -3.46 	 -1.06 	 0.97 	 25.001194
	 -3.47 	 -0.99 	 0.98 	 25.001201
	 -3.48 	 -0.92 	 0.99 	 25.001208
	 -3.48 	 -0.85 	 1.00 	 25.001214
	 -3.49 	 -0.78 	 1.01 	 25.001220
	 -3.50 	 -0.71 	 1.02 	 25.001225
	 -3.51 	 -0.64 	 1.03 	 25.001230
	 -3.51 	 -0.57 	 1.04 	 25.001234
	 -3.52 	 -0.50 	 1.05 	 25.001238
	 -3.52 	 -0.43 	 1.06 	 25.001241
	 -3.53 	 -0.36 	 1.07 	 25.001244
	 -3.53 	 -0.29 	 1.08 	 25.001246
	 -3.53 	 -0.22 	 1.09 	 25.001248
	 -3.53 	 -0.15 	 1.10 	 25.001249
	 -3.54 	 -0.08 	 1.11 	 25.001250
	 -3.54 	 -0.01 	 1.12 	 25.001250
	 -3.54 	 0.07 	 1.13 	 25.001250
	 -3.53 	 0.14 	 1.14 	 25.001249
	 -3.53 	 0.21 	 1.15 	 25.001248
	 -3.53 	 0.28 	 1.16 	 25.001246
	 -3.53 	 0.35 	 1.17 	 25.001244
	 -3.52 	 0.42 	 1.18 	 25.001241
	 -3.52 	 0.49 	 1.19 	 25.001238
	 -3.51 	 0.56 	 1.20 	 25.001234
	 -3.51 	 0.63 	 1.21 	 25.001230
	 -3.50 	 0.70 	 1.22 	 25.001226
	 -3.49 	 0.77 	 1.23 	 25.001220
	 -3.49 	 0.84 	 1.24 	 25.001215
	 -3.48 	 0.91 	 1.25 	 25.001209
	 -3.47 	 0.98 	 1.26 	 25.001202
	 -3.46 	 1.05 	 1.27 	 25.001195
	 -3.45 	 1.12 	 1.28 	 25.001188
	 -3.43 	 1.19 	 1.29 	 25.001180
	 -3.42 	 1.25 	 1.30 	 25.001171
	 -3.41 	 1.32 	 1.31 	 25.001163
	 -3.40 	 1.39 	 1.32 	 25.001153
	 -3.38 	 1.46 	 1.33 	 25.001144
	 -3.37 	 1.53 	 1.34 	 25.001134
	 -3.35 	 1.59 	 1.35 	 25.001123
	 -3.34 	 1.66 	 1.36 	 25.001112
	 -3.32 	 1.73 	 1.37 	 25.001101
	 -3.30 	 1.79 	 1.38 	 25.001089
	 -3.28 	 1.86 	 1.39 	 25.001077
	 -3.26 	 1.92 	 1.40 	 25.001065
	 -3.24 	 1.99 	 1.41 	 25.001052
	 -3.22 	 2.05 	 1.42 	 25.001039
	 -3.20 	 2.12 	 1.43 	 25.001026
	 -3.18 	 2.18 	 1.44 	 25.001012
	 -3.16 	 2.25 	 1.45 	 25.000998
	 -3.14 	 2.31 	 1.46 	 25.000984
	 -3.11 	 2.37 	 1.47 	 25.000969
	 -3.09 	 2.43 	 1.48 	 25.000954
	 -3.06 	 2.49 	 1.49 	 25.000939
	 -3.04 	 2.56 	 1.50 	 25.000924
	 -3.01 	 2.62 	 1.51 	 25.000908
	 -2.99 	 2.68 	 1.52 	 25.000892
	 -2.96 	 2.74 	 1.53 	 25.000876
	 -2.93 	 2.79 	 1.54 	 25.000860
	 -2.90 	 2.85 	 1.55 	 25.000843
	 -2.87 	 2.91 	 1.56 	 25.000827
	 -2.85 	 2.97 	 1.57 	 25.000810
	 -2.82 	 3.02 	 1.58 	 25.000793
	 -2.79 	 3.08 	 1.59 	 25.000776
	 -2.75 	 3.14 	 1.60 	 25.000758
	 -2.72 	 3.19 	 1.61 	 25.000741
	 -2.69 	 3.24 	 1.62 	 25.000724
	 -2.66 	 3.30 	 1.63 	 25.000706
	 -2.62 	 3.35 	 1.64 	 25.000689
	 -2.59 	 3.40 	 1.65 	 25.000671
	 -2.56 	 3.45 	 1.66 	 25.000653
	 -2.52 	 3.51 	 1.67 	 25.000636
	 -2.49 	 3.56 	 1.68 	 25.000618
	 -2.45 	 3.60 	 1.69 	 25.000600
	 -2.41 	 3.65 	 1.70 	 25.000583
	 -2.38 	 3.70 	 1.71 	 25.000565
	 -2.34 	 3.75 	 1.72 	 25.000548
	 -2.30 	 3.79 	 1.73 	 25.000530
	 -2.26 	 3.84 	 1.74 	 25.000513
	 -2.23 	 3.89 	 1.75 	 25.000495
	 -2.19 	 3.93 	 1.76 	 25.000478
	 -2.15 	 3.97 	 1.77 	 25.000461
	 -2.11 	 4.02 	 1.78 	 25.000444
	 -2.07 	 4.06 	 1.79 	 25.000427
	 -2.03 	 4.10 	 1.80 	 25.000410
	 -1.98 	 4.14 	 1.81 	 25.000394
	 -1.94 	 4.18 	 1.82 	 25.000378
	 -1.90 	 4.22 	 1.83 	 25.000361
	 -1.86 	 4.25 	 1.84 	 25.000345
	 -1.82 	 4.29 	 1.85 	 25.000330
	 -1.77 	 4.33 	 1.86 	 25.000314
	 -1.73 	 4.36 	 1.87 	 25.000299
	 -1.69 	 4.40 	 1.88 	 25.000284
	 -1.64 	 4.43 	 1.89 	 25.000269
	 -1.60 	 4.46 	 1.90 	 25.000255
	 -1.55 	 4.49 	 1.91 	 25.000241
	 -1.51 	 4.52 	 1.92 	 25.000227
	 -1.46 	 4.55 	 1.93 	 25.000214
	 -1.42 	 4.58 	 1.94 	 25.000201
	 -1.37 	 4.61 	 1.95 	 25.000188
	 -1.32 	 4.64 	 1.96 	 25.000175
	 -1.28 	 4.66 	 1.97 	 25.000163
	 -1.23 	 4.69 	 1.98 	 25.000151
	 -1.18 	 4.71 	 1.99 	 25.000140
	 -1.14 	 4.73 	 2.00 	 25.000129
	 -1.09 	 4.76 	 2.01 	 25.000119
	 -1.04 	 4.78 	 2.02 	 25.000108
	 -0.99 	 4.80 	 2.03 	 25.000099
	 -0.95 	 4.82 	 2.04 	 25.000089
	 -0.90 	 4.84 	 2.05 	 25.000081
	 -0.85 	 4.85 	 2.06 	 25.000072
	 -0.80 	 4.87 	 2.07 	 25.000064
	 -0.75 	 4.89 	 2.08 	 25.000056
	 -0.70 	 4.90 	 2.09 	 25.000049
	 -0.65 	 4.91 	 2.10 	 25.000043
	 -0.60 	 4.93 	 2.11 	 25.000037
	 -0.55 	 4.94 	 2.12 	 25.000031
	 -0.51 	 4.95 	 2.13 	 25.000026
	 -0.46 	 4.96 	 2.14 	 25.000021
	 -0.41 	 4.97 	 2.15 	 25.000017
	 -0.36 	 4.97 	 2.16 	 25.000013
	 -0.31 	 4.98 	 2.17 	 25.000009
	 -0.26 	 4.99 	 2.18 	 25.000007
	 -0.21 	 4.99 	 2.19 	 25.000004
	 -0.16 	 5.00 	 2.20 	 25.000002
	 -0.11 	 5.00 	 2.21 	 25.000001
	 -0.06 	 5.00 	 2.22 	 25.000000
	 -0.01 	 5.00 	 2.23 	 25.000000
	 0.04 	 5.00 	 2.24 	 25.000000
	 0.09 	 5.00 	 2.25 	 25.000001
	 0.14 	 5.00 	 2.26 	 25.000002
	 0.19 	 4.99 	 2.27 	 25.000004
	 0.24 	 4.99 	 2.28 	 25.000006
	 0.29 	 4.98 	 2.29 	 25.000009
	 0.34 	 4.98 	 2.30 	 25.000012
	 0.39 	 4.97 	 2.31 	 25.000015
	 0.44 	 4.96 	 2.32 	 25.000020
	 0.49 	 4.95 	 2.33 	 25.000024
	 0.54 	 4.94 	 2.34 	 25.000029
	 0.59 	 4.93 	 2.35 	 25.000035
	 0.64 	 4.92 	 2.36 	 25.000041
	 0.69 	 4.90 	 2.37 	 25.000047
	 0.74 	 4.89 	 2.38 	 25.000054
	 0.79 	 4.87 	 2.39 	 25.000062
	 0.83 	 4.86 	 2.40 	 25.000070
	 0.88 	 4.84 	 2.41 	 25.000078
	 0.93 	 4.82 	 2.42 	 25.000087
	 0.98 	 4.80 	 2.43 	 25.000096
	 1.03 	 4.78 	 2.44 	 25.000106
	 1.08 	 4.76 	 2.45 	 25.000116
	 1.12 	 4.74 	 2.46 	 25.000126
	 1.17 	 4.72 	 2.47 	 25.000137
	 1.22 	 4.69 	 2.48 	 25.000148
	 1.26 	 4.67 	 2.49 	 25.000160
	 1.31 	 4.64 	 2.50 	 25.000172
	 1.36 	 4.62 	 2.51 	 25.000184
	 1.40 	 4.59 	 2.52 	 25.000197
	 1.45 	 4.56 	 2.53 	 25.000210
	 1.49 	 4.53 	 2.54 	 25.000223
	 1.54 	 4.50 	 2.55 	 25.000237
	 1.58 	 4.47 	 2.56 	 25.000251
	 1.63 	 4.44 	 2.57 	 25.000265
	 1.67 	 4.40 	 2.58 	 25.000280
	 1.72 	 4.37 	 2.59 	 25.000295
	 1.76 	 4.34 	 2.60 	 25.000310
	 1.80 	 4.30 	 2.61 	 25.000325
	 1.85 	 4.26 	 2.62 	 25.000341
	 1.89 	 4.23 	 2.63 	 25.000357
	 1.93 	 4.19 	 2.64 	 25.000373
	 1.97 	 4.15 	 2.65 	 25.000389
	 2.01 	 4.11 	 2.66 	 25.000406
	 2.06 	 4.07 	 2.67 	 25.000422
	 2.10 	 4.03 	 2.68 	 25.000439
	 2.14 	 3.98 	 2.69 	 25.000456
	 2.18 	 3.94 	 2.70 	 25.000473
	 2.21 	 3.90 	 2.71 	 25.000490
	 2.25 	 3.85 	 2.72 	 25.000508
	 2.29 	 3.81 	 2.73 	 25.000525
	 2.33 	 3.76 	 2.74 	 25.000543
	 2.37 	 3.71 	 2.75 	 25.000560
	 2.40 	 3.67 	 2.76 	 25.000578
	 2.44 	 3.62 	 2.77 	 25.000595
	 2.48 	 3.57 	 2.78 	 25.000613
	 2.51 	 3.52 	 2.79 	 25.000631
	 2.55 	 3.47 	 2.80 	 25.000648
	 2.58 	 3.42 	 2.81 	 25.000666
	 2.61 	 3.37 	 2.82 	 25.000684
	 2.65 	 3.31 	 2.83 	 25.000701
	 2.68 	 3.26 	 2.84 	 25.000719
	 2.71 	 3.21 	 2.85 	 25.000736
	 2.75 	 3.15 	 2.86 	 25.000754
	 2.78 	 3.10 	 2.87 	 25.000771
	 2.81 	 3.04 	 2.88 	 25.000788
	 2.84 	 2.98 	 2.89 	 25.000805
	 2.87 	 2.93 	 2.90 	 25.000822
	 2.90 	 2.87 	 2.91 	 25.000838
	 2.92 	 2.81 	 2.92 	 25.000855
	 2.95 	 2.75 	 2.93 	 25.000871
	 2.98 	 2.69 	 2.94 	 25.000888
	 3.01 	 2.63 	 2.95 	 25.000903
	 3.03 	 2.57 	 2.96 	 25.000919
	 3.06 	 2.51 	 2.97 	 25.000935
	 3.08 	 2.45 	 2.98 	 25.000950
	 3.11 	 2.39 	 2.99 	 25.000965
	 3.13 	 2.33 	 3.00 	 25.000980
	 3.15 	 2.26 	 3.01 	 25.000994
	 3.18 	 2.20 	 3.02 	 25.001008
	 3.20 	 2.14 	 3.03 	 25.001022
	 3.22 	 2.07 	 3.04 	 25.001035
	 3.24 	 2.01 	 3.05 	 25.001049
	 3.26 	 1.94 	 3.06 	 25.001061
	 3.28 	 1.88 	 3.07 	 25.001074
	 3.30 	 1.81 	 3.08 	 25.001086
	 3.31 	 1.75 	 3.09 	 25.001098
	 3.33 	 1.68 	 3.10 	 25.001109
	 3.35 	 1.61 	 3.11 	 25.001120
	 3.36 	 1.55 	 3.12 	 25.001131
	 3.38 	 1.48 	 3.13 	 25.001141
	 3.39 	 1.41 	 3.14 	 25.001151
	 3.41 	 1.34 	 3.15 	 25.001160
	 3.42 	 1.27 	 3.16 	 25.001169
	 3.43 	 1.21 	 3.17 	 25.001177
	 3.44 	 1.14 	 3.18 	 25.001185
	 3.45 	 1.07 	 3.19 	 25.001193
	 3.46 	 1.00 	 3.20 	 25.001200
	 3.47 	 0.93 	 3.21 	 25.001207
	 3.48 	 0.86 	 3.22 	 25.001213
	 3.49 	 0.79 	 3.23 	 25.001219
	 3.50 	 0.72 	 3.24 	 25.001224
	 3.51 	 0.65 	 3.25 	 25.001229
	 3.51 	 0.58 	 3.26 	 25.001233
	 3.52 	 0.51 	 3.27 	 25.001237
	 3.52 	 0.44 	 3.28 	 25.001240
	 3.53 	 0.37 	 3.29 	 25.001243
	 3.53 	 0.30 	 3.30 	 25.001246
	 3.53 	 0.23 	 3.31 	 25.001247
	 3.53 	 0.16 	 3.32 	 25.001249
	 3.54 	 0.09 	 3.33 	 25.001250
	 3.54 	 0.02 	 3.34 	 25.001250
	 3.54 	 -0.06 	 3.35 	 25.001250
	 3.53 	 -0.13 	 3.36 	 25.001249
	 3.53 	 -0.20 	 3.37 	 25.001248
	 3.53 	 -0.27 	 3.38 	 25.001246
	 3.53 	 -0.34 	 3.39 	 25.001244
	 3.52 	 -0.41 	 3.40 	 25.001242
	 3.52 	 -0.48 	 3.41 	 25.001239
	 3.51 	 -0.55 	 3.42 	 25.001235
	 3.51 	 -0.62 	 3.43 	 25.001231
	 3.50 	 -0.69 	 3.44 	 25.001226
	 3.49 	 -0.76 	 3.45 	 25.001221
	 3.49 	 -0.83 	 3.46 	 25.001216
	 3.48 	 -0.90 	 3.47 	 25.001210
	 3.47 	 -0.97 	 3.48 	 25.001203
	 3.46 	 -1.04 	 3.49 	 25.001196
	 3.45 	 -1.11 	 3.50 	 25.001189
	 3.44 	 -1.18 	 3.51 	 25.001181
	 3.42 	 -1.24 	 3.52 	 25.001173
	 3.41 	 -1.31 	 3.53 	 25.001164
	 3.40 	 -1.38 	 3.54 	 25.001155
	 3.38 	 -1.45 	 3.55 	 25.001145
	 3.37 	 -1.52 	 3.56 	 25.001135
	 3.35 	 -1.58 	 3.57 	 25.001125
	 3.34 	 -1.65 	 3.58 	 25.001114
	 3.32 	 -1.72 	 3.59 	 25.001103
	 3.30 	 -1.78 	 3.60 	 25.001091
	 3.28 	 -1.85 	 3.61 	 25.001079
	 3.27 	 -1.91 	 3.62 	 25.001067
	 3.25 	 -1.98 	 3.63 	 25.001054
	 3.23 	 -2.04 	 3.64 	 25.001041
	 3.21 	 -2.11 	 3.65 	 25.001028
	 3.18 	 -2.17 	 3.66 	 25.001014
	 3.16 	 -2.24 	 3.67 	 25.001000
	 3.14 	 -2.30 	 3.68 	 25.000986
	 3.12 	 -2.36 	 3.69 	 25.000971
	 3.09 	 -2.42 	 3.70 	 25.000956
	 3.07 	 -2.49 	 3.71 	 25.000941
	 3.04 	 -2.55 	 3.72 	 25.000926
	 3.02 	 -2.61 	 3.73 	 25.000910
	 2.99 	 -2.67 	 3.74 	 25.000894
	 2.96 	 -2.73 	 3.75 	 25.000878
	 2.94 	 -2.79 	 3.76 	 25.000862
	 2.91 	 -2.84 	 3.77 	 25.000846
	 2.88 	 -2.90 	 3.78 	 25.000829
	 2.85 	 -2.96 	 3.79 	 25.000812
	 2.82 	 -3.02 	 3.80 	 25.000795
	 2.79 	 -3.07 	 3.81 	 25.000778
	 2.76 	 -3.13 	 3.82 	 25.000761
	 2.73 	 -3.18 	 3.83 	 25.000744
	 2.69 	 -3.24 	 3.84 	 25.000726
	 2.66 	 -3.29 	 3.85 	 25.000709
	 2.63 	 -3.34 	 3.86 	 25.000691
	 2.60 	 -3.40 	 3.87 	 25.000674
	 2.56 	 -3.45 	 3.88 	 25.000656
	 2.53 	 -3.50 	 3.89 	 25.000638
	 2.49 	 -3.55 	 3.90 	 25.000621
	 2.46 	 -3.60 	 3.91 	 25.000603
	 2.42 	 -3.65 	 3.92 	 25.000585
	 2.38 	 -3.69 	 3.93 	 25.000568
	 2.35 	 -3.74 	 3.94 	 25.000550
	 2.31 	 -3.79 	 3.95 	 25.000533
	 2.27 	 -3.83 	 3.96 	 25.000515
	 2.23 	 -3.88 	 3.97 	 25.000498
	 2.19 	 -3.92 	 3.98 	 25.000480
	 2.15 	 -3.97 	 3.99 	 25.000463
	 2.11 	 -4.01 	 4.00 	 25.000446
	 2.07 	 -4.05 	 4.01 	 25.000429
	 2.03 	 -4.09 	 4.02 	 25.000413
	 1.99 	 -4.13 	 4.03 	 25.000396
	 1.95 	 -4.17 	 4.04 	 25.000380
	 1.91 	 -4.21 	 4.05 	 25.000364
	 1.86 	 -4.25 	 4.06 	 25.000348
	 1.82 	 -4.28 	 4.07 	 25.000332
	 1.78 	 -4.32 	 4.08 	 25.000317
	 1.74 	 -4.36 	 4.09 	 25.000301
	 1.69 	 -4.39 	 4.10 	 25.000286
	 1.65 	 -4.42 	 4.11 	 25.000272
	 1.60 	 -4.46 	 4.12 	 25.000257
	 1.56 	 -4.49 	 4.13 	 25.000243
	 1.51 	 -4.52 	 4.14 	 25.000229
	 1.47 	 -4.55 	 4.15 	 25.000216
	 1.42 	 -4.58 	 4.16 	 25.000202
	 1.38 	 -4.61 	 4.17 	 25.000190
	 1.33 	 -4.63 	 4.18 	 25.000177
	 1.28 	 -4.66 	 4.19 	 25.000165
	 1.24 	 -4.68 	 4.20 	 25.000153
	 1.19 	 -4.71 	 4.21 	 25.000142
	 1.14 	 -4.73 	 4.22 	 25.000131
	 1.10 	 -4.75 	 4.23 	 25.000120
	 1.05 	 -4.78 	 4.24 	 25.000110
	 1.00 	 -4.80 	 4.25 	 25.000100
	 0.95 	 -4.82 	 4.26 	 25.000091
	 0.90 	 -4.83 	 4.27 	 25.000082
	 0.86 	 -4.85 	 4.28 	 25.000073
	 0.81 	 -4.87 	 4.29 	 25.000065
	 0.76 	 -4.88 	 4.30 	 25.000058
	 0.71 	 -4.90 	 4.31 	 25.000050
	 0.66 	 -4.91 	 4.32 	 25.000044
	 0.61 	 -4.92 	 4.33 	 25.000037
	 0.56 	 -4.94 	 4.34 	 25.000032
	 0.51 	 -4.95 	 4.35 	 25.000026
	 0.46 	 -4.96 	 4.36 	 25.000021
	 0.41 	 -4.97 	 4.37 	 25.000017
	 0.36 	 -4.97 	 4.38 	 25.000013
	 0.31 	 -4.98 	 4.39 	 25.000010
	 0.26 	 -4.99 	 4.40 	 25.000007
	 0.21 	 -4.99 	 4.41 	 25.000005
	 0.16 	 -4.99 	 4.42 	 25.000003
	 0.11 	 -5.00 	 4.43 	 25.000001
	 0.06 	 -5.00 	 4.44 	 25.000000
	 0.01 	 -5.00 	 4.45 	 25.000000
	 -0.04 	 -5.00 	 4.46 	 25.000000
	 -0.09 	 -5.00 	 4.47 	 25.000001
	 -0.14 	 -5.00 	 4.48 	 25.000002
	 -0.19 	 -4.99 	 4.49 	 25.000003
	 -0.24 	 -4.99 	 4.50 	 25.000006
	 -0.29 	 -4.98 	 4.51 	 25.000008
	 -0.34 	 -4.98 	 4.52 	 25.000011
	 -0.39 	 -4.97 	 4.53 	 25.000015
	 -0.43 	 -4.96 	 4.54 	 25.000019
	 -0.48 	 -4.95 	 4.55 	 25.000023
	 -0.53 	 -4.94 	 4.56 	 25.000028
	 -0.58 	 -4.93 	 4.57 	 25.000034
	 -0.63 	 -4.92 	 4.58 	 25.000040
	 -0.68 	 -4.91 	 4.59 	 25.000046
	 -0.73 	 -4.89 	 4.60 	 25.000053
	 -0.78 	 -4.88 	 4.61 	 25.000061
	 -0.83 	 -4.86 	 4.62 	 25.000069
	 -0.88 	 -4.84 	 4.63 	 25.000077
	 -0.92 	 -4.83 	 4.64 	 25.000086
	 -0.97 	 -4.81 	 4.65 	 25.000095
	 -1.02 	 -4.79 	 4.66 	 25.000104
	 -1.07 	 -4.77 	 4.67 	 25.000114
	 -1.12 	 -4.74 	 4.68 	 25.000125
	 -1.16 	 -4.72 	 4.69 	 25.000135
	 -1.21 	 -4.70 	 4.70 	 25.000147
	 -1.26 	 -4.67 	 4.71 	 25.000158
	 -1.30 	 -4.65 	 4.72 	 25.000170
	 -1.35 	 -4.62 	 4.73 	 25.000182
	 -1.40 	 -4.59 	 4.74 	 25.000195
	 -1.44 	 -4.56 	 4.75 	 25.000208
	 -1.49 	 -4.54 	 4.76 	 25.000221
	 -1.53 	 -4.51 	 4.77 	 25.000235
	 -1.58 	 -4.47 	 4.78 	 25.000249
	 -1.62 	 -4.44 	 4.79 	 25.000263
	 -1.67 	 -4.41 	 4.80 	 25.000278
	 -1.71 	 -4.38 	 4.81 	 25.000293
	 -1.75 	 -4.34 	 4.82 	 25.000308
	 -1.80 	 -4.31 	 4.83 	 25.000323
	 -1.84 	 -4.27 	 4.84 	 25.000339
	 -1.88 	 -4.23 	 4.85 	 25.000355
	 -1.93 	 -4.19 	 4.86 	 25.000371
	 -1.97 	 -4.15 	 4.87 	 25.000387
	 -2.01 	 -4.12 	 4.88 	 25.000403
	 -2.05 	 -4.07 	 4.89 	 25.000420
	 -2.09 	 -4.03 	 4.90 	 25.000437
	 -2.13 	 -3.99 	 4.91 	 25.000454
	 -2.17 	 -3.95 	 4.92 	 25.000471
	 -2.21 	 -3.90 	 4.93 	 25.000488
	 -2.25 	 -3.86 	 4.94 	 25.000505
	 -2.29 	 -3.81 	 4.95 	 25.000523
	 -2.32 	 -3.77 	 4.96 	 25.000540
	 -2.36 	 -3.72 	 4.97 	 25.000558
	 -2.40 	 -3.67 	 4.98 	 25.000575
	 -2.43 	 -3.63 	 4.99 	 25.000593
	 -2.47 	 -3.58 	 5.00 	 25.000611
	 -2.51 	 -3.53 	 5.01 	 25.000628
	 -2.54 	 -3.48 	 5.02 	 25.000646
	 -2.58 	 -3.42 	 5.03 	 25.000664
	 -2.61 	 -3.37 	 5.04 	 25.000681
	 -2.64 	 -3.32 	 5.05 	 25.000699
	 -2.68 	 -3.27 	 5.06 	 25.000716
	 -2.71 	 -3.21 	 5.07 	 25.000734
	 -2.74 	 -3.16 	 5.08 	 25.000751
	 -2.77 	 -3.10 	 5.09 	 25.000768
	 -2.80 	 -3.05 	 5.10 	 25.000786
	 -2.83 	 -2.99 	 5.11 	 25.000803
	 -2.86 	 -2.93 	 5.12 	 25.000819
	 -2.89 	 -2.88 	 5.13 	 25.000836
	 -2.92 	 -2.82 	 5.14 	 25.000853
	 -2.95 	 -2.76 	 5.15 	 25.000869
	 -2.98 	 -2.70 	 5.16 	 25.000885
	 -3.00 	 -2.64 	 5.17 	 25.000901
	 -3.03 	 -2.58 	 5.18 	 25.000917
	 -3.05 	 -2.52 	 5.19 	 25.000932
	 -3.08 	 -2.46 	 5.20 	 25.000948
	 -3.10 	 -2.40 	 5.21 	 25.000963
	 -3.13 	 -2.33 	 5.22 	 25.000977
	 -3.15 	 -2.27 	 5.23 	 25.000992
	 -3.17 	 -2.21 	 5.24 	 25.001006
	 -3.19 	 -2.15 	 5.25 	 25.001020
	 -3.21 	 -2.08 	 5.26 	 25.001033
	 -3.24 	 -2.02 	 5.27 	 25.001047
	 -3.26 	 -1.95 	 5.28 	 25.001060
	 -3.27 	 -1.89 	 5.29 	 25.001072
	 -3.29 	 -1.82 	 5.30 	 25.001084
	 -3.31 	 -1.75 	 5.31 	 25.001096
	 -3.33 	 -1.69 	 5.32 	 25.001108
	 -3.34 	 -1.62 	 5.33 	 25.001119
	 -3.36 	 -1.55 	 5.34 	 25.001129
	 -3.38 	 -1.49 	 5.35 	 25.001139
	 -3.39 	 -1.42 	 5.36 	 25.001149
	 -3.40 	 -1.35 	 5.37 	 25.001159
	 -3.42 	 -1.28 	 5.38 	 25.001168
	 -3.43 	 -1.21 	 5.39 	 25.001176
	 -3.44 	 -1.15 	 5.40 	 25.001184
	 -3.45 	 -1.08 	 5.41 	 25.001192
	 -3.46 	 -1.01 	 5.42 	 25.001199
	 -3.47 	 -0.94 	 5.43 	 25.001206
	 -3.48 	 -0.87 	 5.44 	 25.001212
	 -3.49 	 -0.80 	 5.45 	 25.001218
	 -3.50 	 -0.73 	 5.46 	 25.001223
	 -3.50 	 -0.66 	 5.47 	 25.001228
	 -3.51 	 -0.59 	 5.48 	 25.001233
	 -3.52 	 -0.52 	 5.49 	 25.001237
	 -3.52 	 -0.45 	 5.50 	 25.001240
	 -3.53 	 -0.38 	 5.51 	 25.001243
	 -3.53 	 -0.31 	 5.52 	 25.001245
	 -3.53 	 -0.24 	 5.53 	 25.001247
	 -3.53 	 -0.17 	 5.54 	 25.001249
	 -3.53 	 -0.10 	 5.55 	 25.001250
	 -3.54 	 -0.03 	 5.56 	 25.001250
	 -3.54 	 0.05 	 5.57 	 25.001250
	 -3.53 	 0.12 	 5.58 	 25.001249
	 -3.53 	 0.19 	 5.59 	 25.001248
	 -3.53 	 0.26 	 5.60 	 25.001247
	 -3.53 	 0.33 	 5.61 	 25.001245
	 -3.52 	 0.40 	 5.62 	 25.001242
	 -3.52 	 0.47 	 5.63 	 25.001239
	 -3.51 	 0.54 	 5.64 	 25.001236
	 -3.51 	 0.61 	 5.65 	 25.001231
	 -3.50 	 0.68 	 5.66 	 25.001227
	 -3.50 	 0.75 	 5.67 	 25.001222
	 -3.49 	 0.82 	 5.68 	 25.001216
	 -3.48 	 0.89 	 5.69 	 25.001211
	 -3.47 	 0.96 	 5.70 	 25.001204
	 -3.46 	 1.03 	 5.71 	 25.001197
	 -3.45 	 1.10 	 5.72 	 25.001190
	 -3.44 	 1.17 	 5.73 	 25.001182
	 -3.43 	 1.23 	 5.74 	 25.001174
	 -3.41 	 1.30 	 5.75 	 25.001165
	 -3.40 	 1.37 	 5.76 	 25.001156
	 -3.39 	 1.44 	 5.77 	 25.001147
	 -3.37 	 1.51 	 5.78 	 25.001137
	 -3.36 	 1.57 	 5.79 	 25.001126
	 -3.34 	 1.64 	 5.80 	 25.001115
	 -3.32 	 1.71 	 5.81 	 25.001104
	 -3.31 	 1.77 	 5.82 	 25.001093
	 -3.29 	 1.84 	 5.83 	 25.001081
	 -3.27 	 1.91 	 5.84 	 25.001069
	 -3.25 	 1.97 	 5.85 	 25.001056
	 -3.23 	 2.04 	 5.86 	 25.001043
	 -3.21 	 2.10 	 5.87 	 25.001030
	 -3.19 	 2.16 	 5.88 	 25.001016
	 -3.17 	 2.23 	 5.89 	 25.001002
	 -3.14 	 2.29 	 5.90 	 25.000988
	 -3.12 	 2.35 	 5.91 	 25.000973
	 -3.10 	 2.42 	 5.92 	 25.000958
	 -3.07 	 2.48 	 5.93 	 25.000943
	 -3.05 	 2.54 	 5.94 	 25.000928
	 -3.02 	 2.60 	 5.95 	 25.000912
	 -2.99 	 2.66 	 5.96 	 25.000897
	 -2.97 	 2.72 	 5.97 	 25.000881
	 -2.94 	 2.78 	 5.98 	 25.000864
	 -2.91 	 2.84 	 5.99 	 25.000848
	 -2.88 	 2.89 	 6.00 	 25.000831
	 -2.85 	 2.95 	 6.01 	 25.000815
	 -2.82 	 3.01 	 6.02 	 25.000798
	 -2.79 	 3.06 	 6.03 	 25.000781
	 -2.76 	 3.12 	 6.04 	 25.000763
	 -2.73 	 3.17 	 6.05 	 25.000746
	 -2.70 	 3.23 	 6.06 	 25.000729
	 -2.67 	 3.28 	 6.07 	 25.000711
	 -2.63 	 3.34 	 6.08 	 25.000694
	 -2.60 	 3.39 	 6.09 	 25.000676
	 -2.57 	 3.44 	 6.10 	 25.000658
	 -2.53 	 3.49 	 6.11 	 25.000641
	 -2.50 	 3.54 	 6.12 	 25.000623
	 -2.46 	 3.59 	 6.13 	 25.000605
	 -2.42 	 3.64 	 6.14 	 25.000588
	 -2.39 	 3.69 	 6.15 	 25.000570
	 -2.35 	 3.73 	 6.16 	 25.000553
	 -2.31 	 3.78 	 6.17 	 25.000535
	 -2.28 	 3.83 	 6.18 	 25.000518
	 -2.24 	 3.87 	 6.19 	 25.000500
	 -2.20 	 3.92 	 6.20 	 25.000483
	 -2.16 	 3.96 	 6.21 	 25.000466
	 -2.12 	 4.00 	 6.22 	 25.000449
	 -2.08 	 4.05 	 6.23 	 25.000432
	 -2.04 	 4.09 	 6.24 	 25.000415
	 -2.00 	 4.13 	 6.25 	 25.000399
	 -1.95 	 4.17 	 6.26 	 25.000382
	 -1.91 	 4.20 	 6.27 	 25.000366
	 -1.87 	 4.24 	 6.28 	 25.000350
	 -1.83 	 4.28 	 6.29 	 25.000334
	 -1.79 	 4.32 	 6.30 	 25.000319
	 -1.74 	 4.35 	 6.31 	 25.000303
	 -1.70 	 4.39 	 6.32 	 25.000288
	 -1.65 	 4.42 	 6.33 	 25.000274
	 -1.61 	 4.45 	 6.34 	 25.000259
	 -1.57 	 4.48 	 6.35 	 25.000245
	 -1.52 	 4.51 	 6.36 	 25.000231
	 -1.47 	 4.54 	 6.37 	 25.000218
	 -1.43 	 4.57 	 6.38 	 25.000204
	 -1.38 	 4.60 	 6.39 	 25.000191
	 -1.34 	 4.63 	 6.40 	 25.000179
	 -1.29 	 4.65 	 6.41 	 25.000167
	 -1.24 	 4.68 	 6.42 	 25.000155
	 -1.20 	 4.70 	 6.43 	 25.000143
	 -1.15 	 4.73 	 6.44 	 25.000132
	 -1.10 	 4.75 	 6.45 	 25.000122
	 -1.06 	 4.77 	 6.46 	 25.000111
	 -1.01 	 4.79 	 6.47 	 25.000101
	 -0.96 	 4.81 	 6.48 	 25.000092
	 -0.91 	 4.83 	 6.49 	 25.000083
	 -0.86 	 4.85 	 6.50 	 25.000074
	 -0.81 	 4.87 	 6.51 	 25.000066
	 -0.77 	 4.88 	 6.52 	 25.000059
	 -0.72 	 4.90 	 6.53 	 25.000051
	 -0.67 	 4.91 	 6.54 	 25.000045
	 -0.62 	 4.92 	 6.55 	 25.000038
	 -0.57 	 4.93 	 6.56 	 25.000032
	 -0.52 	 4.95 	 6.57 	 25.000027
	 -0.47 	 4.96 	 6.58 	 25.000022
	 -0.42 	 4.96 	 6.59 	 25.000018
	 -0.37 	 4.97 	 6.60 	 25.000014
	 -0.32 	 4.98 	 6.61 	 25.000010
	 -0.27 	 4.99 	 6.62 	 25.000007
	 -0.22 	 4.99 	 6.63 	 25.000005
	 -0.17 	 4.99 	 6.64 	 25.000003
	 -0.12 	 5.00 	 6.65 	 25.000001
	 -0.07 	 5.00 	 6.66 	 25.000001
	 -0.02 	 5.00 	 6.67 	 25.000000
	 0.03 	 5.00 	 6.68 	 25.000000
	 0.08 	 5.00 	 6.69 	 25.000001
	 0.13 	 5.00 	 6.70 	 25.000002
	 0.18 	 4.99 	 6.71 	 25.000003
	 0.23 	 4.99 	 6.72 	 25.000005
	 0.28 	 4.98 	 6.73 	 25.000008
	 0.33 	 4.98 	 6.74 	 25.000011
	 0.38 	 4.97 	 6.75 	 25.000014
	 0.43 	 4.96 	 6.76 	 25.000018
	 0.48 	 4.95 	 6.77 	 25.000023
	 0.53 	 4.94 	 6.78 	 25.000028
	 0.58 	 4.93 	 6.79 	 25.000033
	 0.63 	 4.92 	 6.80 	 25.000039
	 0.67 	 4.91 	 6.81 	 25.000045
	 0.72 	 4.89 	 6.82 	 25.000052
	 0.77 	 4.88 	 6.83 	 25.000060
	 0.82 	 4.86 	 6.84 	 25.000067
	 0.87 	 4.85 	 6.85 	 25.000076
	 0.92 	 4.83 	 6.86 	 25.000084
	 0.97 	 4.81 	 6.87 	 25.000093
	 1.01 	 4.79 	 6.88 	 25.000103
	 1.06 	 4.77 	 6.89 	 25.000113
	 1.11 	 4.75 	 6.90 	 25.000123
	 1.16 	 4.72 	 6.91 	 25.000134
	 1.20 	 4.70 	 6.92 	 25.000145
	 1.25 	 4.68 	 6.93 	 25.000157
	 1.30 	 4.65 	 6.94 	 25.000168
	 1.34 	 4.62 	 6.95 	 25.000181
	 1.39 	 4.60 	 6.96 	 25.000193
	 1.44 	 4.57 	 6.97 	 25.000206
	 1.48 	 4.54 	 6.98 	 25.000219
	 1.53 	 4.51 	 6.99 	 25.000233
	 1.57 	 4.48 	 7.00 	 25.000247
	 1.62 	 4.45 	 7.01 	 25.000261
	 1.66 	 4.41 	 7.02 	 25.000276
	 1.70 	 4.38 	 7.03 	 25.000291
	 1.75 	 4.35 	 7.04 	 25.000306
	 1.79 	 4.31 	 7.05 	 25.000321
	 1.83 	 4.27 	 7.06 	 25.000337
	 1.88 	 4.24 	 7.07 	 25.000352
	 1.92 	 4.20 	 7.08 	 25.000368
	 1.96 	 4.16 	 7.09 	 25.000385
	 2.00 	 4.12 	 7.10 	 25.000401
	 2.04 	 4.08 	 7.11 	 25.000418
	 2.08 	 4.04 	 7.12 	 25.000434
	 2.12 	 4.00 	 7.13 	 25.000451
	 2.16 	 3.95 	 7.14 	 25.000468
	 2.20 	 3.91 	 7.15 	 25.000485
	 2.24 	 3.87 	 7.16 	 25.000503
	 2.28 	 3.82 	 7.17 	 25.000520
	 2.32 	 3.77 	 7.18 	 25.000538
	 2.36 	 3.73 	 7.19 	 25.000555
	 2.39 	 3.68 	 7.20 	 25.000573
	 2.43 	 3.63 	 7.21 	 25.000590
	 2.47 	 3.58 	 7.22 	 25.000608
	 2.50 	 3.53 	 7.23 	 25.000626
	 2.54 	 3.48 	 7.24 	 25.000643
	 2.57 	 3.43 	 7.25 	 25.000661
	 2.61 	 3.38 	 7.26 	 25.000679
	 2.64 	 3.33 	 7.27 	 25.000696
	 2.67 	 3.27 	 7.28 	 25.000714
	 2.70 	 3.22 	 7.29 	 25.000731
	 2.74 	 3.17 	 7.30 	 25.000749
	 2.77 	 3.11 	 7.31 	 25.000766
	 2.80 	 3.06 	 7.32 	 25.000783
	 2.83 	 3.00 	 7.33 	 25.000800
	 2.86 	 2.94 	 7.34 	 25.000817
	 2.89 	 2.89 	 7.35 	 25.000834
	 2.92 	 2.83 	 7.36 	 25.000850
	 2.94 	 2.77 	 7.37 	 25.000867
	 2.97 	 2.71 	 7.38 	 25.000883
	 3.00 	 2.65 	 7.39 	 25.000899
	 3.02 	 2.59 	 7.40 	 25.000915
	 3.05 	 2.53 	 7.41 	 25.000930
	 3.07 	 2.47 	 7.42 	 25.000946
	 3.10 	 2.41 	 7.43 	 25.000961
	 3.12 	 2.34 	 7.44 	 25.000975
	 3.15 	 2.28 	 7.45 	 25.000990
	 3.17 	 2.22 	 7.46 	 25.001004
	 3.19 	 2.15 	 7.47 	 25.001018
	 3.21 	 2.09 	 7.48 	 25.001032
	 3.23 	 2.03 	 7.49 	 25.001045
	 3.25 	 1.96 	 7.50 	 25.001058
	 3.27 	 1.90 	 7.51 	 25.001070
	 3.29 	 1.83 	 7.52 	 25.001083
	 3.31 	 1.76 	 7.53 	 25.001094
	 3.33 	 1.70 	 7.54 	 25.001106
	 3.34 	 1.63 	 7.55 	 25.001117
	 3.36 	 1.56 	 7.56 	 25.001128
	 3.37 	 1.50 	 7.57 	 25.001138
	 3.39 	 1.43 	 7.58 	 25.001148
	 3.40 	 1.36 	 7.59 	 25.001157
	 3.42 	 1.29 	 7.60 	 25.001166
	 3.43 	 1.22 	 7.61 	 25.001175
	 3.44 	 1.16 	 7.62 	 25.001183
	 3.45 	 1.09 	 7.63 	 25.001191
	 3.46 	 1.02 	 7.64 	 25.001198
	 3.47 	 0.95 	 7.65 	 25.001205
	 3.48 	 0.88 	 7.66 	 25.001211
	 3.49 	 0.81 	 7.67 	 25.001217
	 3.50 	 0.74 	 7.68 	 25.001223
	 3.50 	 0.67 	 7.69 	 25.001228
	 3.51 	 0.60 	 7.70 	 25.001232
	 3.52 	 0.53 	 7.71 	 25.001236
	 3.52 	 0.46 	 7.72 	 25.001240
	 3.52 	 0.39 	 7.73 	 25.001243
	 3.53 	 0.32 	 7.74 	 25.001245
	 3.53 	 0.25 	 7.75 	 25.001247
	 3.53 	 0.18 	 7.76 	 25.001249
	 3.53 	 0.11 	 7.77 	 25.001250
	 3.54 	 0.04 	 7.78 	 25.001250
	 3.54 	 -0.04 	 7.79 	 25.001250
	 3.53 	 -0.11 	 7.80 	 25.001249
	 3.53 	 -0.18 	 7.81 	 25.001248
	 3.53 	 -0.25 	 7.82 	 25.001247
	 3.53 	 -0.32 	 7.83 	 25.001245
	 3.52 	 -0.39 	 7.84 	 25.001243
	 3.52 	 -0.46 	 7.85 	 25.001240
	 3.52 	 -0.53 	 7.86 	 25.001236
	 3.51 	 -0.60 	 7.87 	 25.001232
	 3.50 	 -0.67 	 7.88 	 25.001228
	 3.50 	 -0.74 	 7.89 	 25.001223
	 3.49 	 -0.81 	 7.90 	 25.001217
	 3.48 	 -0.88 	 7.91 	 25.001211
	 3.47 	 -0.95 	 7.92 	 25.001205
	 3.46 	 -1.02 	 7.93 	 25.001198
	 3.45 	 -1.09 	 7.94 	 25.001191
	 3.44 	 -1.16 	 7.95 	 25.001183
	 3.43 	 -1.22 	 7.96 	 25.001175
	 3.42 	 -1.29 	 7.97 	 25.001166
	 3.40 	 -1.36 	 7.98 	 25.001157
	 3.39 	 -1.43 	 7.99 	 25.001148
	 3.37 	 -1.50 	 8.00 	 25.001138
	 3.36 	 -1.56 	 8.01 	 25.001128
	 3.34 	 -1.63 	 8.02 	 25.001117
	 3.33 	 -1.70 	 8.03 	 25.001106
	 3.31 	 -1.76 	 8.04 	 25.001094
	 3.29 	 -1.83 	 8.05 	 25.001083
	 3.27 	 -1.90 	 8.06 	 25.001070
	 3.25 	 -1.96 	 8.07 	 25.001058
	 3.23 	 -2.03 	 8.08 	 25.001045
	 3.21 	 -2.09 	 8.09 	 25.001032
	 3.19 	 -2.15 	 8.10 	 25.001018
	 3.17 	 -2.22 	 8.11 	 25.001004
	 3.15 	 -2.28 	 8.12 	 25.000990
	 3.12 	 -2.34 	 8.13 	 25.000975
	 3.10 	 -2.41 	 8.14 	 25.000961
	 3.07 	 -2.47 	 8.15 	 25.000946
	 3.05 	 -2.53 	 8.16 	 25.000930
	 3.02 	 -2.59 	 8.17 	 25.000915
	 3.00 	 -2.65 	 8.18 	 25.000899
	 2.97 	 -2.71 	 8.19 	 25.000883
	 2.94 	 -2.77 	 8.20 	 25.000867
	 2.92 	 -2.83 	 8.21 	 25.000850
	 2.89 	 -2.89 	 8.22 	 25.000834
	 2.86 	 -2.94 	 8.23 	 25.000817
	 2.83 	 -3.00 	 8.24 	 25.000800
	 2.80 	 -3.06 	 8.25 	 25.000783
	 2.77 	 -3.11 	 8.26 	 25.000766
	 2.74 	 -3.17 	 8.27 	 25.000749
	 2.70 	 -3.22 	 8.28 	 25.000731
	 2.67 	 -3.28 	 8.29 	 25.000714
	 2.64 	 -3.33 	 8.30 	 25.000696
	 2.60 	 -3.38 	 8.31 	 25.000679
	 2.57 	 -3.43 	 8.32 	 25.000661
	 2.54 	 -3.48 	 8.33 	 25.000643
	 2.50 	 -3.53 	 8.34 	 25.000626
	 2.47 	 -3.58 	 8.35 	 25.000608
	 2.43 	 -3.63 	 8.36 	 25.000590
	 2.39 	 -3.68 	 8.37 	 25.000573
	 2.36 	 -3.73 	 8.38 	 25.000555
	 2.32 	 -3.77 	 8.39 	 25.000538
	 2.28 	 -3.82 	 8.40 	 25.000520
	 2.24 	 -3.87 	 8.41 	 25.000503
	 2.20 	 -3.91 	 8.42 	 25.000485
	 2.16 	 -3.95 	 8.43 	 25.000468
	 2.12 	 -4.00 	 8.44 	 25.000451
	 2.08 	 -4.04 	 8.45 	 25.000434
	 2.04 	 -4.08 	 8.46 	 25.000417
	 2.00 	 -4.12 	 8.47 	 25.000401
	 1.96 	 -4.16 	 8.48 	 25.000384
	 1.92 	 -4.20 	 8.49 	 25.000368
	 1.88 	 -4.24 	 8.50 	 25.000352
	 1.83 	 -4.27 	 8.51 	 25.000336
	 1.79 	 -4.31 	 8.52 	 25.000321
	 1.75 	 -4.35 	 8.53 	 25.000306
	 1.70 	 -4.38 	 8.54 	 25.000291
	 1.66 	 -4.41 	 8.55 	 25.000276
	 1.62 	 -4.45 	 8.56 	 25.000261
	 1.57 	 -4.48 	 8.57 	 25.000247
	 1.53 	 -4.51 	 8.58 	 25.000233
	 1.48 	 -4.54 	 8.59 	 25.000219
	 1.44 	 -4.57 	 8.60 	 25.000206
	 1.39 	 -4.60 	 8.61 	 25.000193
	 1.34 	 -4.62 	 8.62 	 25.000181
	 1.30 	 -4.65 	 8.63 	 25.000168
	 1.25 	 -4.68 	 8.64 	 25.000156
	 1.20 	 -4.70 	 8.65 	 25.000145
	 1.16 	 -4.72 	 8.66 	 25.000134
	 1.11 	 -4.75 	 8.67 	 25.000123
	 1.06 	 -4.77 	 8.68 	 25.000113
	 1.01 	 -4.79 	 8.69 	 25.000103
	 0.97 	 -4.81 	 8.70 	 25.000093
	 0.92 	 -4.83 	 8.71 	 25.000084
	 0.87 	 -4.85 	 8.72 	 25.000076
	 0.82 	 -4.86 	 8.73 	 25.000067
	 0.77 	 -4.88 	 8.74 	 25.000060
	 0.72 	 -4.89 	 8.75 	 25.000052
	 0.67 	 -4.91 	 8.76 	 25.000045
	 0.63 	 -4.92 	 8.77 	 25.000039
	 0.58 	 -4.93 	 8.78 	 25.000033
	 0.53 	 -4.94 	 8.79 	 25.000028
	 0.48 	 -4.95 	 8.80 	 25.000023
	 0.43 	 -4.96 	 8.81 	 25.000018
	 0.38 	 -4.97 	 8.82 	 25.000014
	 0.33 	 -4.98 	 8.83 	 25.000011
	 0.28 	 -4.98 	 8.84 	 25.000008
	 0.23 	 -4.99 	 8.85 	 25.000005
	 0.18 	 -4.99 	 8.86 	 25.000003
	 0.13 	 -5.00 	 8.87 	 25.000002
	 0.08 	 -5.00 	 8.88 	 25.000001
	 0.03 	 -5.00 	 8.89 	 25.000000
	 -0.02 	 -5.00 	 8.90 	 25.000000
	 -0.07 	 -5.00 	 8.91 	 25.000001
	 -0.12 	 -5.00 	 8.92 	 25.000001
	 -0.17 	 -4.99 	 8.93 	 25.000003
	 -0.22 	 -4.99 	 8.94 	 25.000005
	 -0.27 	 -4.99 	 8.95 	 25.000007
	 -0.32 	 -4.98 	 8.96 	 25.000010
	 -0.37 	 -4.97 	 8.97 	 25.000014
	 -0.42 	 -4.96 	 8.98 	 25.000018
	 -0.47 	 -4.96 	 8.99 	 25.000022
	 -0.52 	 -4.95 	 9.00 	 25.000027
	 -0.57 	 -4.93 	 9.01 	 25.000032
	 -0.62 	 -4.92 	 9.02 	 25.000038
	 -0.67 	 -4.91 	 9.03 	 25.000045
	 -0.72 	 -4.90 	 9.04 	 25.000051
	 -0.77 	 -4.88 	 9.05 	 25.000059
	 -0.81 	 -4.87 	 9.06 	 25.000066
	 -0.86 	 -4.85 	 9.07 	 25.000074
	 -0.91 	 -4.83 	 9.08 	 25.000083
	 -0.96 	 -4.81 	 9.09 	 25.000092
	 -1.01 	 -4.79 	 9.10 	 25.000101
	 -1.06 	 -4.77 	 9.11 	 25.000111
	 -1.10 	 -4.75 	 9.12 	 25.000122
	 -1.15 	 -4.73 	 9.13 	 25.000132
	 -1.20 	 -4.70 	 9.14 	 25.000143
	 -1.24 	 -4.68 	 9.15 	 25.000155
	 -1.29 	 -4.65 	 9.16 	 25.000167
	 -1.34 	 -4.63 	 9.17 	 25.000179
	 -1.38 	 -4.60 	 9.18 	 25.000191
	 -1.43 	 -4.57 	 9.19 	 25.000204
	 -1.48 	 -4.54 	 9.20 	 25.000218
	 -1.52 	 -4.51 	 9.21 	 25.000231
	 -1.57 	 -4.48 	 9.22 	 25.000245
	 -1.61 	 -4.45 	 9.23 	 25.000259
	 -1.65 	 -4.42 	 9.24 	 25.000274
	 -1.70 	 -4.39 	 9.25 	 25.000288
	 -1.74 	 -4.35 	 9.26 	 25.000303
	 -1.79 	 -4.32 	 9.27 	 25.000319
	 -1.83 	 -4.28 	 9.28 	 25.000334
	 -1.87 	 -4.24 	 9.29 	 25.000350
	 -1.91 	 -4.20 	 9.30 	 25.000366
	 -1.96 	 -4.17 	 9.31 	 25.000382
	 -2.00 	 -4.13 	 9.32 	 25.000399
	 -2.04 	 -4.09 	 9.33 	 25.000415
	 -2.08 	 -4.04 	 9.34 	 25.000432
	 -2.12 	 -4.00 	 9.35 	 25.000449
	 -2.16 	 -3.96 	 9.36 	 25.000466
	 -2.20 	 -3.92 	 9.37 	 25.000483
	 -2.24 	 -3.87 	 9.38 	 25.000500
	 -2.28 	 -3.83 	 9.39 	 25.000518
	 -2.31 	 -3.78 	 9.40 	 25.000535
	 -2.35 	 -3.73 	 9.41 	 25.000553
	 -2.39 	 -3.69 	 9.42 	 25.000570
	 -2.42 	 -3.64 	 9.43 	 25.000588
	 -2.46 	 -3.59 	 9.44 	 25.000606
	 -2.50 	 -3.54 	 9.45 	 25.000623
	 -2.53 	 -3.49 	 9.46 	 25.000641
	 -2.57 	 -3.44 	 9.47 	 25.000659
	 -2.60 	 -3.39 	 9.48 	 25.000676
	 -2.63 	 -3.34 	 9.49 	 25.000694
	 -2.67 	 -3.28 	 9.50 	 25.000711
	 -2.70 	 -3.23 	 9.51 	 25.000729
	 -2.73 	 -3.17 	 9.52 	 25.000746
	 -2.76 	 -3.12 	 9.53 	 25.000763
	 -2.79 	 -3.06 	 9.54 	 25.000781
	 -2.82 	 -3.01 	 9.55 	 25.000798
	 -2.85 	 -2.95 	 9.56 	 25.000815
	 -2.88 	 -2.89 	 9.57 	 25.000831
	 -2.91 	 -2.84 	 9.58 	 25.000848
	 -2.94 	 -2.78 	 9.59 	 25.000864
	 -2.97 	 -2.72 	 9.60 	 25.000881
	 -2.99 	 -2.66 	 9.61 	 25.000897
	 -3.02 	 -2.60 	 9.62 	 25.000912
	 -3.05 	 -2.54 	 9.63 	 25.000928
	 -3.07 	 -2.48 	 9.64 	 25.000943
	 -3.10 	 -2.41 	 9.65 	 25.000958
	 -3.12 	 -2.35 	 9.66 	 25.000973
	 -3.14 	 -2.29 	 9.67 	 25.000988
	 -3.17 	 -2.23 	 9.68 	 25.001002
	 -3.19 	 -2.16 	 9.69 	 25.001016
	 -3.21 	 -2.10 	 9.70 	 25.001030
	 -3.23 	 -2.04 	 9.71 	 25.001043
	 -3.25 	 -1.97 	 9.72 	 25.001056
	 -3.27 	 -1.91 	 9.73 	 25.001069
	 -3.29 	 -1.84 	 9.74 	 25.001081
	 -3.31 	 -1.77 	 9.75 	 25.001093
	 -3.32 	 -1.71 	 9.76 	 25.001104
	 -3.34 	 -1.64 	 9.77 	 25.001115
	 -3.36 	 -1.57 	 9.78 	 25.001126
	 -3.37 	 -1.51 	 9.79 	 25.001137
	 -3.39 	 -1.44 	 9.80 	 25.001147
	 -3.40 	 -1.37 	 9.81 	 25.001156
	 -3.41 	 -1.30 	 9.82 	 25.001165
	 -3.43 	 -1.23 	 9.83 	 25.001174
	 -3.44 	 -1.17 	 9.84 	 25.001182
	 -3.45 	 -1.10 	 9.85 	 25.001190
	 -3.46 	 -1.03 	 9.86 	 25.001197
	 -3.47 	 -0.96 	 9.87 	 25.001204
	 -3.48 	 -0.89 	 9.88 	 25.001211
	 -3.49 	 -0.82 	 9.89 	 25.001216
	 -3.50 	 -0.75 	 9.90 	 25.001222
	 -3.50 	 -0.68 	 9.91 	 25.001227
	 -3.51 	 -0.61 	 9.92 	 25.001231
	 -3.52 	 -0.54 	 9.93 	 25.001236
	 -3.52 	 -0.47 	 9.94 	 25.001239
	 -3.52 	 -0.40 	 9.95 	 25.001242
	 -3.53 	 -0.33 	 9.96 	 25.001245
	 -3.53 	 -0.26 	 9.97 	 25.001247
	 -3.53 	 -0.19 	 9.98 	 25.001248
	 -3.53 	 -0.12 	 9.99 	 25.001249
	 -3.54 	 -0.05 	 10.00 	 25.001250
	 -3.54 	 0.03 	 10.01 	 25.001250
	 -3.53 	 0.10 	 10.02 	 25.001250
	 -3.53 	 0.17 	 10.03 	 25.001249
	 -3.53 	 0.24 	 10.04 	 25.001247
	 -3.53 	 0.31 	 10.05 	 25.001245
	 -3.53 	 0.38 	 10.06 	 25.001243
	 -3.52 	 0.45 	 10.07 	 25.001240
	 -3.52 	 0.52 	 10.08 	 25.001237
	 -3.51 	 0.59 	 10.09 	 25.001233
	 -3.50 	 0.66 	 10.10 	 25.001228
	 -3.50 	 0.73 	 10.11 	 25.001223
	 -3.49 	 0.80 	 10.12 	 25.001218
	 -3.48 	 0.87 	 10.13 	 25.001212
	 -3.47 	 0.94 	 10.14 	 25.001206
	 -3.46 	 1.01 	 10.15 	 25.001199
	 -3.45 	 1.08 	 10.16 	 25.001192
	 -3.44 	 1.15 	 10.17 	 25.001184
	 -3.43 	 1.22 	 10.18 	 25.001176
	 -3.42 	 1.28 	 10.19 	 25.001168
	 -3.40 	 1.35 	 10.20 	 25.001159
	 -3.39 	 1.42 	 10.21 	 25.001149
	 -3.38 	 1.49 	 10.22 	 25.001139
	 -3.36 	 1.55 	 10.23 	 25.001129
	 -3.34 	 1.62 	 10.24 	 25.001119
	 -3.33 	 1.69 	 10.25 	 25.001107
	 -3.31 	 1.76 	 10.26 	 25.001096
	 -3.29 	 1.82 	 10.27 	 25.001084
	 -3.27 	 1.89 	 10.28 	 25.001072
	 -3.26 	 1.95 	 10.29 	 25.001060
	 -3.24 	 2.02 	 10.30 	 25.001047
	 -3.21 	 2.08 	 10.31 	 25.001033
	 -3.19 	 2.15 	 10.32 	 25.001020
	 -3.17 	 2.21 	 10.33 	 25.001006
	 -3.15 	 2.27 	 10.34 	 25.000992
	 -3.13 	 2.34 	 10.35 	 25.000977
	 -3.10 	 2.40 	 10.36 	 25.000963
	 -3.08 	 2.46 	 10.37 	 25.000948
	 -3.05 	 2.52 	 10.38 	 25.000932
	 -3.03 	 2.58 	 10.39 	 25.000917
	 -3.00 	 2.64 	 10.40 	 25.000901
	 -2.98 	 2.70 	 10.41 	 25.000885
	 -2.95 	 2.76 	 10.42 	 25.000869
	 -2.92 	 2.82 	 10.43 	 25.000853
	 -2.89 	 2.88 	 10.44 	 25.000836
	 -2.86 	 2.93 	 10.45 	 25.000819
	 -2.83 	 2.99 	 10.46 	 25.000802
	 -2.80 	 3.05 	 10.47 	 25.000785
	 -2.77 	 3.10 	 10.48 	 25.000768
	 -2.74 	 3.16 	 10.49 	 25.000751
	 -2.71 	 3.21 	 10.50 	 25.000734
	 -2.68 	 3.27 	 10.51 	 25.000716
	 -2.64 	 3.32 	 10.52 	 25.000699
	 -2.61 	 3.37 	 10.53 	 25.000681
	 -2.58 	 3.43 	 10.54 	 25.000663
	 -2.54 	 3.48 	 10.55 	 25.000646
	 -2.51 	 3.53 	 10.56 	 25.000628
	 -2.47 	 3.58 	 10.57 	 25.000610
	 -2.43 	 3.63 	 10.58 	 25.000593
	 -2.40 	 3.67 	 10.59 	 25.000575
	 -2.36 	 3.72 	 10.60 	 25.000558
	 -2.32 	 3.77 	 10.61 	 25.000540
	 -2.29 	 3.81 	 10.62 	 25.000523
	 -2.25 	 3.86 	 10.63 	 25.000505
	 -2.21 	 3.90 	 10.64 	 25.000488
	 -2.17 	 3.95 	 10.65 	 25.000471
	 -2.13 	 3.99 	 10.66 	 25.000454
	 -2.09 	 4.03 	 10.67 	 25.000437
	 -2.05 	 4.07 	 10.68 	 25.000420
	 -2.01 	 4.12 	 10.69 	 25.000403
	 -1.97 	 4.15 	 10.70 	 25.000387
	 -1.93 	 4.19 	 10.71 	 25.000371
	 -1.88 	 4.23 	 10.72 	 25.000355
	 -1.84 	 4.27 	 10.73 	 25.000339
	 -1.80 	 4.31 	 10.74 	 25.000323
	 -1.75 	 4.34 	 10.75 	 25.000308
	 -1.71 	 4.38 	 10.76 	 25.000293
	 -1.67 	 4.41 	 10.77 	 25.000278
	 -1.62 	 4.44 	 10.78 	 25.000263
	 -1.58 	 4.47 	 10.79 	 25.000249
	 -1.53 	 4.51 	 10.80 	 25.000235
	 -1.49 	 4.54 	 10.81 	 25.000221
	 -1.44 	 4.57 	 10.82 	 25.000208
	 -1.40 	 4.59 	 10.83 	 25.000195
	 -1.35 	 4.62 	 10.84 	 25.000182
	 -1.30 	 4.65 	 10.85 	 25.000170
	 -1.26 	 4.67 	 10.86 	 25.000158
	 -1.21 	 4.70 	 10.87 	 25.000147
	 -1.16 	 4.72 	 10.88 	 25.000135
	 -1.12 	 4.74 	 10.89 	 25.000125
	 -1.07 	 4.77 	 10.90 	 25.000114
	 -1.02 	 4.79 	 10.91 	 25.000104
	 -0.97 	 4.81 	 10.92 	 25.000095
	 -0.92 	 4.83 	 10.93 	 25.000086
	 -0.88 	 4.84 	 10.94 	 25.000077
	 -0.83 	 4.86 	 10.95 	 25.000069
	 -0.78 	 4.88 	 10.96 	 25.000061
	 -0.73 	 4.89 	 10.97 	 25.000053
	 -0.68 	 4.91 	 10.98 	 25.000046
	 -0.63 	 4.92 	 10.99 	 25.000040
	 -0.58 	 4.93 	 11.00 	 25.000034
	 -0.53 	 4.94 	 11.01 	 25.000028
	 -0.48 	 4.95 	 11.02 	 25.000023
	 -0.43 	 4.96 	 11.03 	 25.000019
	 -0.38 	 4.97 	 11.04 	 25.000015
	 -0.34 	 4.98 	 11.05 	 25.000011
	 -0.29 	 4.98 	 11.06 	 25.000008
	 -0.24 	 4.99 	 11.07 	 25.000006
	 -0.19 	 4.99 	 11.08 	 25.000003
	 -0.14 	 5.00 	 11.09 	 25.000002
	 -0.09 	 5.00 	 11.10 	 25.000001
	 -0.04 	 5.00 	 11.11 	 25.000000
	 0.01 	 5.00 	 11.12 	 25.000000
	 0.06 	 5.00 	 11.13 	 25.000000
	 0.11 	 5.00 	 11.14 	 25.000001
	 0.16 	 4.99 	 11.15 	 25.000003
	 0.21 	 4.99 	 11.16 	 25.000005
	 0.26 	 4.99 	 11.17 	 25.000007
	 0.31 	 4.98 	 11.18 	 25.000010
	 0.36 	 4.97 	 11.19 	 25.000013
	 0.41 	 4.97 	 11.20 	 25.000017
	 0.46 	 4.96 	 11.21 	 25.000021
	 0.51 	 4.95 	 11.22 	 25.000026
	 0.56 	 4.94 	 11.23 	 25.000032
	 0.61 	 4.92 	 11.24 	 25.000037
	 0.66 	 4.91 	 11.25 	 25.000044
	 0.71 	 4.90 	 11.26 	 25.000050
	 0.76 	 4.88 	 11.27 	 25.000058
	 0.81 	 4.87 	 11.28 	 25.000065
	 0.86 	 4.85 	 11.29 	 25.000073
	 0.90 	 4.83 	 11.30 	 25.000082
	 0.95 	 4.82 	 11.31 	 25.000091
	 1.00 	 4.80 	 11.32 	 25.000100
	 1.05 	 4.78 	 11.33 	 25.000110
	 1.10 	 4.75 	 11.34 	 25.000120
	 1.14 	 4.73 	 11.35 	 25.000131
	 1.19 	 4.71 	 11.36 	 25.000142
	 1.24 	 4.68 	 11.37 	 25.000153
	 1.28 	 4.66 	 11.38 	 25.000165
	 1.33 	 4.63 	 11.39 	 25.000177
	 1.38 	 4.61 	 11.40 	 25.000190
	 1.42 	 4.58 	 11.41 	 25.000202
	 1.47 	 4.55 	 11.42 	 25.000216
	 1.51 	 4.52 	 11.43 	 25.000229
	 1.56 	 4.49 	 11.44 	 25.000243
	 1.60 	 4.46 	 11.45 	 25.000257
	 1.65 	 4.42 	 11.46 	 25.000272
	 1.69 	 4.39 	 11.47 	 25.000286
	 1.74 	 4.36 	 11.48 	 25.000301
	 1.78 	 4.32 	 11.49 	 25.000317
	 1.82 	 4.28 	 11.50 	 25.000332
	 1.86 	 4.25 	 11.51 	 25.000348
	 1.91 	 4.21 	 11.52 	 25.000364
	 1.95 	 4.17 	 11.53 	 25.000380
	 1.99 	 4.13 	 11.54 	 25.000396
	 2.03 	 4.09 	 11.55 	 25.000413
	 2.07 	 4.05 	 11.56 	 25.000430
	 2.11 	 4.01 	 11.57 	 25.000446
	 2.15 	 3.97 	 11.58 	 25.000463
	 2.19 	 3.92 	 11.59 	 25.000481
	 2.23 	 3.88 	 11.60 	 25.000498
	 2.27 	 3.83 	 11.61 	 25.000515
	 2.31 	 3.79 	 11.62 	 25.000533
	 2.35 	 3.74 	 11.63 	 25.000550
	 2.38 	 3.69 	 11.64 	 25.000568
	 2.42 	 3.65 	 11.65 	 25.000585
	 2.46 	 3.60 	 11.66 	 25.000603
	 2.49 	 3.55 	 11.67 	 25.000621
	 2.53 	 3.50 	 11.68 	 25.000638
	 2.56 	 3.45 	 11.69 	 25.000656
	 2.60 	 3.40 	 11.70 	 25.000674
	 2.63 	 3.34 	 11.71 	 25.000691
	 2.66 	 3.29 	 11.72 	 25.000709
	 2.69 	 3.24 	 11.73 	 25.000726
	 2.73 	 3.18 	 11.74 	 25.000744
	 2.76 	 3.13 	 11.75 	 25.000761
	 2.79 	 3.07 	 11.76 	 25.000778
	 2.82 	 3.02 	 11.77 	 25.000795
	 2.85 	 2.96 	 11.78 	 25.000812
	 2.88 	 2.90 	 11.79 	 25.000829
	 2.91 	 2.84 	 11.80 	 25.000846
	 2.94 	 2.79 	 11.81 	 25.000862
	 2.96 	 2.73 	 11.82 	 25.000878
	 2.99 	 2.67 	 11.83 	 25.000894
	 3.02 	 2.61 	 11.84 	 25.000910
	 3.04 	 2.55 	 11.85 	 25.000926
	 3.07 	 2.49 	 11.86 	 25.000941
	 3.09 	 2.42 	 11.87 	 25.000956
	 3.12 	 2.36 	 11.88 	 25.000971
	 3.14 	 2.30 	 11.89 	 25.000986
	 3.16 	 2.24 	 11.90 	 25.001000
	 3.18 	 2.17 	 11.91 	 25.001014
	 3.21 	 2.11 	 11.92 	 25.001028
	 3.23 	 2.04 	 11.93 	 25.001041
	 3.25 	 1.98 	 11.94 	 25.001054
	 3.27 	 1.91 	 11.95 	 25.001067
	 3.29 	 1.85 	 11.96 	 25.001079
	 3.30 	 1.78 	 11.97 	 25.001091
	 3.32 	 1.72 	 11.98 	 25.001103
	 3.34 	 1.65 	 11.99 	 25.001114
	 3.35 	 1.58 	 12.00 	 25.001125
	 3.37 	 1.52 	 12.01 	 25.001135
	 3.38 	 1.45 	 12.02 	 25.001145
	 3.40 	 1.38 	 12.03 	 25.001155
	 3.41 	 1.31 	 12.04 	 25.001164
	 3.42 	 1.24 	 12.05 	 25.001173
	 3.44 	 1.18 	 12.06 	 25.001181
	 3.45 	 1.11 	 12.07 	 25.001189
	 3.46 	 1.04 	 12.08 	 25.001196
	 3.47 	 0.97 	 12.09 	 25.001203
	 3.48 	 0.90 	 12.10 	 25.001210
	 3.49 	 0.83 	 12.11 	 25.001216
	 3.49 	 0.76 	 12.12 	 25.001221
	 3.50 	 0.69 	 12.13 	 25.001226
	 3.51 	 0.62 	 12.14 	 25.001231
	 3.51 	 0.55 	 12.15 	 25.001235
	 3.52 	 0.48 	 12.16 	 25.001239
	 3.52 	 0.41 	 12.17 	 25.001242
	 3.53 	 0.34 	 12.18 	 25.001244
	 3.53 	 0.27 	 12.19 	 25.001246
	 3.53 	 0.20 	 12.20 	 25.001248
	 3.53 	 0.13 	 12.21 	 25.001249
	 3.54 	 0.06 	 12.22 	 25.001250
	 3.54 	 -0.02 	 12.23 	 25.001250
	 3.54 	 -0.09 	 12.24 	 25.001250
	 3.53 	 -0.16 	 12.25 	 25.001249
	 3.53 	 -0.23 	 12.26 	 25.001247
	 3.53 	 -0.30 	 12.27 	 25.001246
	 3.53 	 -0.37 	 12.28 	 25.001243
	 3.52 	 -0.44 	 12.29 	 25.001240
	 3.52 	 -0.51 	 12.30 	 25.001237
	 3.51 	 -0.58 	 12.31 	 25.001233
	 3.51 	 -0.65 	 12.32 	 25.001229
	 3.50 	 -0.72 	 12.33 	 25.001224
	 3.49 	 -0.79 	 12.34 	 25.001219
	 3.48 	 -0.86 	 12.35 	 25.001213
	 3.47 	 -0.93 	 12.36 	 25.001207
	 3.46 	 -1.00 	 12.37 	 25.001200
	 3.45 	 -1.07 	 12.38 	 25.001193
	 3.44 	 -1.14 	 12.39 	 25.001185
	 3.43 	 -1.21 	 12.40 	 25.001177
	 3.42 	 -1.27 	 12.41 	 25.001169
	 3.41 	 -1.34 	 12.42 	 25.001160
	 3.39 	 -1.41 	 12.43 	 25.001151
	 3.38 	 -1.48 	 12.44 	 25.001141
	 3.36 	 -1.55 	 12.45 	 25.001131
	 3.35 	 -1.61 	 12.46 	 25.001120
	 3.33 	 -1.68 	 12.47 	 25.001109
	 3.31 	 -1.75 	 12.48 	 25.001098
	 3.30 	 -1.81 	 12.49 	 25.001086
	 3.28 	 -1.88 	 12.50 	 25.001074
	 3.26 	 -1.94 	 12.51 	 25.001061
	 3.24 	 -2.01 	 12.52 	 25.001049
	 3.22 	 -2.07 	 12.53 	 25.001035
	 3.20 	 -2.14 	 12.54 	 25.001022
	 3.17 	 -2.20 	 12.55 	 25.001008
	 3.15 	 -2.26 	 12.56 	 25.000994
	 3.13 	 -2.33 	 12.57 	 25.000979
	 3.11 	 -2.39 	 12.58 	 25.000965
	 3.08 	 -2.45 	 12.59 	 25.000950
	 3.06 	 -2.51 	 12.60 	 25.000935
	 3.03 	 -2.57 	 12.61 	 25.000919
	 3.01 	 -2.63 	 12.62 	 25.000903
	 2.98 	 -2.69 	 12.63 	 25.000887
	 2.95 	 -2.75 	 12.64 	 25.000871
	 2.92 	 -2.81 	 12.65 	 25.000855
	 2.90 	 -2.87 	 12.66 	 25.000838
	 2.87 	 -2.93 	 12.67 	 25.000822
	 2.84 	 -2.98 	 12.68 	 25.000805
	 2.81 	 -3.04 	 12.69 	 25.000788
	 2.78 	 -3.10 	 12.70 	 25.000771
	 2.74 	 -3.15 	 12.71 	 25.000753
	 2.71 	 -3.21 	 12.72 	 25.000736
	 2.68 	 -3.26 	 12.73 	 25.000719
	 2.65 	 -3.31 	 12.74 	 25.000701
	 2.61 	 -3.37 	 12.75 	 25.000684
	 2.58 	 -3.42 	 12.76 	 25.000666
	 2.55 	 -3.47 	 12.77 	 25.000648
	 2.51 	 -3.52 	 12.78 	 25.000631
	 2.48 	 -3.57 	 12.79 	 25.000613
	 2.44 	 -3.62 	 12.80 	 25.000595
	 2.40 	 -3.67 	 12.81 	 25.000578
	 2.37 	 -3.71 	 12.82 	 25.000560
	 2.33 	 -3.76 	 12.83 	 25.000543
	 2.29 	 -3.81 	 12.84 	 25.000525
	 2.25 	 -3.85 	 12.85 	 25.000508
	 2.21 	 -3.90 	 12.86 	 25.000490
	 2.18 	 -3.94 	 12.87 	 25.000473
	 2.14 	 -3.99 	 12.88 	 25.000456
	 2.10 	 -4.03 	 12.89 	 25.000439
	 2.05 	 -4.07 	 12.90 	 25.000422
	 2.01 	 -4.11 	 12.91 	 25.000406
	 1.97 	 -4.15 	 12.92 	 25.000389
	 1.93 	 -4.19 	 12.93 	 25.000373
	 1.89 	 -4.23 	 12.94 	 25.000357
	 1.85 	 -4.26 	 12.95 	 25.000341
	 1.80 	 -4.30 	 12.96 	 25.000325
	 1.76 	 -4.34 	 12.97 	 25.000310
	 1.72 	 -4.37 	 12.98 	 25.000295
	 1.67 	 -4.40 	 12.99 	 25.000280
	 1.63 	 -4.44 	 13.00 	 25.000265
	 1.58 	 -4.47 	 13.01 	 25.000251
	 1.54 	 -4.50 	 13.02 	 25.000237
	 1.49 	 -4.53 	 13.03 	 25.000223
	 1.45 	 -4.56 	 13.04 	 25.000210
	 1.40 	 -4.59 	 13.05 	 25.000197
	 1.36 	 -4.62 	 13.06 	 25.000184
	 1.31 	 -4.64 	 13.07 	 25.000172
	 1.26 	 -4.67 	 13.08 	 25.000160
	 1.22 	 -4.69 	 13.09 	 25.000148
	 1.17 	 -4.72 	 13.10 	 25.000137
	 1.12 	 -4.74 	 13.11 	 25.000126
	 1.08 	 -4.76 	 13.12 	 25.000116
	 1.03 	 -4.78 	 13.13 	 25.000106
	 0.98 	 -4.80 	 13.14 	 25.000096
	 0.93 	 -4.82 	 13.15 	 25.000087
	 0.88 	 -4.84 	 13.16 	 25.000078
	 0.83 	 -4.86 	 13.17 	 25.000070
	 0.79 	 -4.87 	 13.18 	 25.000062
	 0.74 	 -4.89 	 13.19 	 25.000054
	 0.69 	 -4.90 	 13.20 	 25.000047
	 0.64 	 -4.92 	 13.21 	 25.000041
	 0.59 	 -4.93 	 13.22 	 25.000035
	 0.54 	 -4.94 	 13.23 	 25.000029
	 0.49 	 -4.95 	 13.24 	 25.000024
	 0.44 	 -4.96 	 13.25 	 25.000019
	 0.39 	 -4.97 	 13.26 	 25.000015
	 0.34 	 -4.98 	 13.27 	 25.000012
	 0.29 	 -4.98 	 13.28 	 25.000009
	 0.24 	 -4.99 	 13.29 	 25.000006
	 0.19 	 -4.99 	 13.30 	 25.000004
	 0.14 	 -5.00 	 13.31 	 25.000002
	 0.09 	 -5.00 	 13.32 	 25.000001
	 0.04 	 -5.00 	 13.33 	 25.000000
	 -0.01 	 -5.00 	 13.34 	 25.000000
	 -0.06 	 -5.00 	 13.35 	 25.000000
	 -0.11 	 -5.00 	 13.36 	 25.000001
	 -0.16 	 -5.00 	 13.37 	 25.000002
	 -0.21 	 -4.99 	 13.38 	 25.000004
	 -0.26 	 -4.99 	 13.39 	 25.000007
	 -0.31 	 -4.98 	 13.40 	 25.000009
	 -0.36 	 -4.97 	 13.41 	 25.000013
	 -0.41 	 -4.97 	 13.42 	 25.000017
	 -0.46 	 -4.96 	 13.43 	 25.000021
	 -0.51 	 -4.95 	 13.44 	 25.000026
	 -0.56 	 -4.94 	 13.45 	 25.000031
	 -0.60 	 -4.93 	 13.46 	 25.000037
	 -0.65 	 -4.91 	 13.47 	 25.000043
	 -0.70 	 -4.90 	 13.48 	 25.000049
	 -0.75 	 -4.89 	 13.49 	 25.000056
	 -0.80 	 -4.87 	 13.50 	 25.000064
	 -0.85 	 -4.85 	 13.51 	 25.000072
	 -0.90 	 -4.84 	 13.52 	 25.000081
	 -0.95 	 -4.82 	 13.53 	 25.000089
	 -0.99 	 -4.80 	 13.54 	 25.000099
	 -1.04 	 -4.78 	 13.55 	 25.000109
	 -1.09 	 -4.76 	 13.56 	 25.000119
	 -1.14 	 -4.73 	 13.57 	 25.000129
	 -1.18 	 -4.71 	 13.58 	 25.000140
	 -1.23 	 -4.69 	 13.59 	 25.000152
	 -1.28 	 -4.66 	 13.60 	 25.000163
	 -1.32 	 -4.64 	 13.61 	 25.000175
	 -1.37 	 -4.61 	 13.62 	 25.000188
	 -1.42 	 -4.58 	 13.63 	 25.000201
	 -1.46 	 -4.55 	 13.64 	 25.000214
	 -1.51 	 -4.52 	 13.65 	 25.000227
	 -1.55 	 -4.49 	 13.66 	 25.000241
	 -1.60 	 -4.46 	 13.67 	 25.000255
	 -1.64 	 -4.43 	 13.68 	 25.000270
	 -1.69 	 -4.39 	 13.69 	 25.000284
	 -1.73 	 -4.36 	 13.70 	 25.000299
	 -1.77 	 -4.33 	 13.71 	 25.000314
	 -1.82 	 -4.29 	 13.72 	 25.000330
	 -1.86 	 -4.25 	 13.73 	 25.000346
	 -1.90 	 -4.22 	 13.74 	 25.000361
	 -1.94 	 -4.18 	 13.75 	 25.000378
	 -1.98 	 -4.14 	 13.76 	 25.000394
	 -2.03 	 -4.10 	 13.77 	 25.000410
	 -2.07 	 -4.06 	 13.78 	 25.000427
	 -2.11 	 -4.02 	 13.79 	 25.000444
	 -2.15 	 -3.97 	 13.80 	 25.000461
	 -2.19 	 -3.93 	 13.81 	 25.000478
	 -2.23 	 -3.89 	 13.82 	 25.000495
	 -2.26 	 -3.84 	 13.83 	 25.000513
	 -2.30 	 -3.79 	 13.84 	 25.000530
	 -2.34 	 -3.75 	 13.85 	 25.000548
	 -2.38 	 -3.70 	 13.86 	 25.000565
	 -2.41 	 -3.65 	 13.87 	 25.000583
	 -2.45 	 -3.60 	 13.88 	 25.000600
	 -2.49 	 -3.55 	 13.89 	 25.000618
	 -2.52 	 -3.50 	 13.90 	 25.000636
	 -2.56 	 -3.45 	 13.91 	 25.000653
	 -2.59 	 -3.40 	 13.92 	 25.000671
	 -2.62 	 -3.35 	 13.93 	 25.000689
	 -2.66 	 -3.30 	 13.94 	 25.000706
	 -2.69 	 -3.24 	 13.95 	 25.000724
	 -2.72 	 -3.19 	 13.96 	 25.000741
	 -2.75 	 -3.14 	 13.97 	 25.000759
	 -2.79 	 -3.08 	 13.98 	 25.000776
	 -2.82 	 -3.02 	 13.99 	 25.000793
	 -2.85 	 -2.97 	 14.00 	 25.000810
	 -2.88 	 -2.91 	 14.01 	 25.000827
	 -2.90 	 -2.85 	 14.02 	 25.000843
	 -2.93 	 -2.79 	 14.03 	 25.000860
	 -2.96 	 -2.73 	 14.04 	 25.000876
	 -2.99 	 -2.68 	 14.05 	 25.000892
	 -3.01 	 -2.62 	 14.06 	 25.000908
	 -3.04 	 -2.55 	 14.07 	 25.000924
	 -3.06 	 -2.49 	 14.08 	 25.000939
	 -3.09 	 -2.43 	 14.09 	 25.000954
	 -3.11 	 -2.37 	 14.10 	 25.000969
	 -3.14 	 -2.31 	 14.11 	 25.000984
	 -3.16 	 -2.24 	 14.12 	 25.000998
	 -3.18 	 -2.18 	 14.13 	 25.001012
	 -3.20 	 -2.12 	 14.14 	 25.001026
	 -3.22 	 -2.05 	 14.15 	 25.001039
	 -3.24 	 -1.99 	 14.16 	 25.001052
	 -3.26 	 -1.92 	 14.17 	 25.001065
	 -3.28 	 -1.86 	 14.18 	 25.001077
	 -3.30 	 -1.79 	 14.19 	 25.001089
	 -3.32 	 -1.73 	 14.20 	 25.001101
	 -3.34 	 -1.66 	 14.21 	 25.001112
	 -3.35 	 -1.59 	 14.22 	 25.001123
	 -3.37 	 -1.53 	 14.23 	 25.001134
	 -3.38 	 -1.46 	 14.24 	 25.001144
	 -3.40 	 -1.39 	 14.25 	 25.001153
	 -3.41 	 -1.32 	 14.26 	 25.001163
	 -3.42 	 -1.25 	 14.27 	 25.001171
	 -3.43 	 -1.19 	 14.28 	 25.001180
	 -3.45 	 -1.12 	 14.29 	 25.001188
	 -3.46 	 -1.05 	 14.30 	 25.001195
	 -3.47 	 -0.98 	 14.31 	 25.001202
	 -3.48 	 -0.91 	 14.32 	 25.001209
	 -3.49 	 -0.84 	 14.33 	 25.001215
	 -3.49 	 -0.77 	 14.34 	 25.001220
	 -3.50 	 -0.70 	 14.35 	 25.001226
	 -3.51 	 -0.63 	 14.36 	 25.001230
	 -3.51 	 -0.56 	 14.37 	 25.001234
	 -3.52 	 -0.49 	 14.38 	 25.001238
	 -3.52 	 -0.42 	 14.39 	 25.001241
	 -3.53 	 -0.35 	 14.40 	 25.001244
	 -3.53 	 -0.28 	 14.41 	 25.001246
	 -3.53 	 -0.21 	 14.42 	 25.001248
	 -3.53 	 -0.14 	 14.43 	 25.001249
	 -3.54 	 -0.07 	 14.44 	 25.001250
	 -3.54 	 0.01 	 14.45 	 25.001250
	 -3.54 	 0.08 	 14.46 	 25.001250
	 -3.53 	 0.15 	 14.47 	 25.001249
	 -3.53 	 0.22 	 14.48 	 25.001248
	 -3.53 	 0.29 	 14.49 	 25.001246
	 -3.53 	 0.36 	 14.50 	 25.001244
	 -3.52 	 0.43 	 14.51 	 25.001241
	 -3.52 	 0.50 	 14.52 	 25.001238
	 -3.51 	 0.57 	 14.53 	 25.001234
	 -3.51 	 0.64 	 14.54 	 25.001230
	 -3.50 	 0.71 	 14.55 	 25.001225
	 -3.49 	 0.78 	 14.56 	 25.001220
	 -3.48 	 0.85 	 14.57 	 25.001214
	 -3.48 	 0.92 	 14.58 	 25.001208
	 -3.47 	 0.99 	 14.59 	 25.001201
	 -3.46 	 1.06 	 14.60 	 25.001194
	 -3.44 	 1.13 	 14.61 	 25.001187
	 -3.43 	 1.20 	 14.62 	 25.001179
	 -3.42 	 1.26 	 14.63 	 25.001170
	 -3.41 	 1.33 	 14.64 	 25.001161
	 -3.39 	 1.40 	 14.65 	 25.001152
	 -3.38 	 1.47 	 14.66 	 25.001142
	 -3.36 	 1.54 	 14.67 	 25.001132
	 -3.35 	 1.60 	 14.68 	 25.001122
	 -3.33 	 1.67 	 14.69 	 25.001111
	 -3.32 	 1.74 	 14.70 	 25.001099
	 -3.30 	 1.80 	 14.71 	 25.001088
	 -3.28 	 1.87 	 14.72 	 25.001076
	 -3.26 	 1.93 	 14.73 	 25.001063
	 -3.24 	 2.00 	 14.74 	 25.001050
	 -3.22 	 2.06 	 14.75 	 25.001037
	 -3.20 	 2.13 	 14.76 	 25.001024
	 -3.18 	 2.19 	 14.77 	 25.001010
	 -3.16 	 2.25 	 14.78 	 25.000996
	 -3.13 	 2.32 	 14.79 	 25.000982
	 -3.11 	 2.38 	 14.80 	 25.000967
	 -3.09 	 2.44 	 14.81 	 25.000952
	 -3.06 	 2.50 	 14.82 	 25.000937
	 -3.04 	 2.56 	 14.83 	 25.000921
	 -3.01 	 2.62 	 14.84 	 25.000906
	 -2.98 	 2.68 	 14.85 	 25.000890
	 -2.96 	 2.74 	 14.86 	 25.000874
	 -2.93 	 2.80 	 14.87 	 25.000857
	 -2.90 	 2.86 	 14.88 	 25.000841
	 -2.87 	 2.92 	 14.89 	 25.000824
	 -2.84 	 2.98 	 14.90 	 25.000807
	 -2.81 	 3.03 	 14.91 	 25.000790
	 -2.78 	 3.09 	 14.92 	 25.000773
	 -2.75 	 3.14 	 14.93 	 25.000756
	 -2.72 	 3.20 	 14.94 	 25.000739
	 -2.69 	 3.25 	 14.95 	 25.000721
	 -2.65 	 3.31 	 14.96 	 25.000704
	 -2.62 	 3.36 	 14.97 	 25.000686
	 -2.59 	 3.41 	 14.98 	 25.000668
	 -2.55 	 3.46 	 14.99 	 25.000651
	 -2.52 	 3.51 	 15.00 	 25.000633
	 -2.48 	 3.56 	 15.01 	 25.000615
	 -2.45 	 3.61 	 15.02 	 25.000598
	 -2.41 	 3.66 	 15.03 	 25.000580
	 -2.37 	 3.71 	 15.04 	 25.000563
	 -2.33 	 3.76 	 15.05 	 25.000545
	 -2.30 	 3.80 	 15.06 	 25.000528
	 -2.26 	 3.85 	 15.07 	 25.000510
	 -2.22 	 3.89 	 15.08 	 25.000493
	 -2.18 	 3.94 	 15.09 	 25.000476
	 -2.14 	 3.98 	 15.10 	 25.000458
	 -2.10 	 4.02 	 15.11 	 25.000441
	 -2.06 	 4.06 	 15.12 	 25.000425
	 -2.02 	 4.10 	 15.13 	 25.000408
	 -1.98 	 4.14 	 15.14 	 25.000391
	 -1.94 	 4.18 	 15.15 	 25.000375
	 -1.89 	 4.22 	 15.16 	 25.000359
	 -1.85 	 4.26 	 15.17 	 25.000343
	 -1.81 	 4.30 	 15.18 	 25.000328
	 -1.77 	 4.33 	 15.19 	 25.000312
	 -1.72 	 4.37 	 15.20 	 25.000297
	 -1.68 	 4.40 	 15.21 	 25.000282
	 -1.64 	 4.43 	 15.22 	 25.000267
	 -1.59 	 4.47 	 15.23 	 25.000253
	 -1.55 	 4.50 	 15.24 	 25.000239
	 -1.50 	 4.53 	 15.25 	 25.000225
	 -1.46 	 4.56 	 15.26 	 25.000212
	 -1.41 	 4.59 	 15.27 	 25.000199
	 -1.36 	 4.61 	 15.28 	 25.000186
	 -1.32 	 4.64 	 15.29 	 25.000174
	 -1.27 	 4.67 	 15.30 	 25.000161
	 -1.22 	 4.69 	 15.31 	 25.000150
	 -1.18 	 4.71 	 15.32 	 25.000139
	 -1.13 	 4.74 	 15.33 	 25.000128
	 -1.08 	 4.76 	 15.34 	 25.000117
	 -1.03 	 4.78 	 15.35 	 25.000107
	 -0.99 	 4.80 	 15.36 	 25.000097
	 -0.94 	 4.82 	 15.37 	 25.000088
	 -0.89 	 4.84 	 15.38 	 25.000079
	 -0.84 	 4.86 	 15.39 	 25.000071
	 -0.79 	 4.87 	 15.40 	 25.000063
	 -0.74 	 4.89 	 15.41 	 25.000055
	 -0.70 	 4.90 	 15.42 	 25.000048
	 -0.65 	 4.92 	 15.43 	 25.000042
	 -0.60 	 4.93 	 15.44 	 25.000036
	 -0.55 	 4.94 	 15.45 	 25.000030
	 -0.50 	 4.95 	 15.46 	 25.000025
	 -0.45 	 4.96 	 15.47 	 25.000020
	 -0.40 	 4.97 	 15.48 	 25.000016
	 -0.35 	 4.98 	 15.49 	 25.000012
	 -0.30 	 4.98 	 15.50 	 25.000009
	 -0.25 	 4.99 	 15.51 	 25.000006
	 -0.20 	 4.99 	 15.52 	 25.000004
	 -0.15 	 5.00 	 15.53 	 25.000002
	 -0.10 	 5.00 	 15.54 	 25.000001
	 -0.05 	 5.00 	 15.55 	 25.000000
	 0.00 	 5.00 	 15.56 	 25.000000
	 0.05 	 5.00 	 15.57 	 25.000000
	 0.10 	 5.00 	 15.58 	 25.000001
	 0.15 	 5.00 	 15.59 	 25.000002
	 0.20 	 4.99 	 15.60 	 25.000004
	 0.25 	 4.99 	 15.61 	 25.000006
	 0.30 	 4.98 	 15.62 	 25.000009
	 0.35 	 4.98 	 15.63 	 25.000012
	 0.40 	 4.97 	 15.64 	 25.000016
	 0.45 	 4.96 	 15.65 	 25.000020
	 0.50 	 4.95 	 15.66 	 25.000025
	 0.55 	 4.94 	 15.67 	 25.000030
	 0.60 	 4.93 	 15.68 	 25.000036
	 0.65 	 4.92 	 15.69 	 25.000042
	 0.70 	 4.90 	 15.70 	 25.000048
	 0.74 	 4.89 	 15.71 	 25.000055
	 0.79 	 4.87 	 15.72 	 25.000063
	 0.84 	 4.86 	 15.73 	 25.000071
	 0.89 	 4.84 	 15.74 	 25.000079
	 0.94 	 4.82 	 15.75 	 25.000088
	 0.99 	 4.80 	 15.76 	 25.000097
	 1.03 	 4.78 	 15.77 	 25.000107
	 1.08 	 4.76 	 15.78 	 25.000117
	 1.13 	 4.74 	 15.79 	 25.000128
	 1.18 	 4.71 	 15.80 	 25.000139
	 1.22 	 4.69 	 15.81 	 25.000150
	 1.27 	 4.67 	 15.82 	 25.000162
	 1.32 	 4.64 	 15.83 	 25.000174
	 1.36 	 4.61 	 15.84 	 25.000186
	 1.41 	 4.59 	 15.85 	 25.000199
	 1.46 	 4.56 	 15.86 	 25.000212
	 1.50 	 4.53 	 15.87 	 25.000225
	 1.55 	 4.50 	 15.88 	 25.000239
	 1.59 	 4.47 	 15.89 	 25.000253
	 1.64 	 4.43 	 15.90 	 25.000267
	 1.68 	 4.40 	 15.91 	 25.000282
	 1.72 	 4.37 	 15.92 	 25.000297
	 1.77 	 4.33 	 15.93 	 25.000312
	 1.81 	 4.30 	 15.94 	 25.000328
	 1.85 	 4.26 	 15.95 	 25.000343
	 1.90 	 4.22 	 15.96 	 25.000359
	 1.94 	 4.18 	 15.97 	 25.000375
	 1.98 	 4.14 	 15.98 	 25.000392
	 2.02 	 4.10 	 15.99 	 25.000408
	 2.06 	 4.06 	 16.00 	 25.000425
	 2.10 	 4.02 	 16.01 	 25.000442
	 2.14 	 3.98 	 16.02 	 25.000459
	 2.18 	 3.94 	 16.03 	 25.000476
	 2.22 	 3.89 	 16.04 	 25.000493
	 2.26 	 3.85 	 16.05 	 25.000510
	 2.30 	 3.80 	 16.06 	 25.000528
	 2.33 	 3.75 	 16.07 	 25.000545
	 2.37 	 3.71 	 16.08 	 25.000563
	 2.41 	 3.66 	 16.09 	 25.000580
	 2.45 	 3.61 	 16.10 	 25.000598
	 2.48 	 3.56 	 16.11 	 25.000616
	 2.52 	 3.51 	 16.12 	 25.000633
	 2.55 	 3.46 	 16.13 	 25.000651
	 2.59 	 3.41 	 16.14 	 25.000669
	 2.62 	 3.36 	 16.15 	 25.000686
	 2.65 	 3.31 	 16.16 	 25.000704
	 2.69 	 3.25 	 16.17 	 25.000721
	 2.72 	 3.20 	 16.18 	 25.000739
	 2.75 	 3.14 	 16.19 	 25.000756
	 2.78 	 3.09 	 16.20 	 25.000773
	 2.81 	 3.03 	 16.21 	 25.000790
	 2.84 	 2.98 	 16.22 	 25.000807
	 2.87 	 2.92 	 16.23 	 25.000824
	 2.90 	 2.86 	 16.24 	 25.000841
	 2.93 	 2.80 	 16.25 	 25.000857
	 2.96 	 2.74 	 16.26 	 25.000874
	 2.98 	 2.68 	 16.27 	 25.000890
	 3.01 	 2.62 	 16.28 	 25.000906
	 3.04 	 2.56 	 16.29 	 25.000921
	 3.06 	 2.50 	 16.30 	 25.000937
	 3.09 	 2.44 	 16.31 	 25.000952
	 3.11 	 2.38 	 16.32 	 25.000967
	 3.13 	 2.32 	 16.33 	 25.000982
	 3.16 	 2.25 	 16.34 	 25.000996
	 3.18 	 2.19 	 16.35 	 25.001010
	 3.20 	 2.13 	 16.36 	 25.001024
	 3.22 	 2.06 	 16.37 	 25.001037
	 3.24 	 2.00 	 16.38 	 25.001050
	 3.26 	 1.93 	 16.39 	 25.001063
	 3.28 	 1.87 	 16.40 	 25.001076
	 3.30 	 1.80 	 16.41 	 25.001088
	 3.32 	 1.74 	 16.42 	 25.001099
	 3.33 	 1.67 	 16.43 	 25.001111
	 3.35 	 1.60 	 16.44 	 25.001122
	 3.36 	 1.54 	 16.45 	 25.001132
	 3.38 	 1.47 	 16.46 	 25.001142
	 3.39 	 1.40 	 16.47 	 25.001152
	 3.41 	 1.33 	 16.48 	 25.001161
	 3.42 	 1.26 	 16.49 	 25.001170
	 3.43 	 1.20 	 16.50 	 25.001179
	 3.44 	 1.13 	 16.51 	 25.001187
	 3.46 	 1.06 	 16.52 	 25.001194
	 3.47 	 0.99 	 16.53 	 25.001201
	 3.48 	 0.92 	 16.54 	 25.001208
	 3.48 	 0.85 	 16.55 	 25.001214
	 3.49 	 0.78 	 16.56 	 25.001220
	 3.50 	 0.71 	 16.57 	 25.001225
	 3.51 	 0.64 	 16.58 	 25.001230
	 3.51 	 0.57 	 16.59 	 25.001234
	 3.52 	 0.50 	 16.60 	 25.001238
	 3.52 	 0.43 	 16.61 	 25.001241
	 3.53 	 0.36 	 16.62 	 25.001244
	 3.53 	 0.29 	 16.63 	 25.001246
	 3.53 	 0.22 	 16.64 	 25.001248
	 3.53 	 0.15 	 16.65 	 25.001249
	 3.54 	 0.08 	 16.66 	 25.001250
	 3.54 	 0.00 	 16.67 	 25.001250
	 3.54 	 -0.07 	 16.68 	 25.001250
	 3.53 	 -0.14 	 16.69 	 25.001249
	 3.53 	 -0.21 	 16.70 	 25.001248
	 3.53 	 -0.28 	 16.71 	 25.001246
	 3.53 	 -0.35 	 16.72 	 25.001244
	 3.52 	 -0.42 	 16.73 	 25.001241
	 3.52 	 -0.49 	 16.74 	 25.001238
	 3.51 	 -0.56 	 16.75 	 25.001234
	 3.51 	 -0.63 	 16.76 	 25.001230
	 3.50 	 -0.70 	 16.77 	 25.001226
	 3.49 	 -0.77 	 16.78 	 25.001220
	 3.49 	 -0.84 	 16.79 	 25.001215
	 3.48 	 -0.91 	 16.80 	 25.001209
	 3.47 	 -0.98 	 16.81 	 25.001202
	 3.46 	 -1.05 	 16.82 	 25.001195
	 3.45 	 -1.12 	 16.83 	 25.001188
	 3.43 	 -1.19 	 16.84 	 25.001180
	 3.42 	 -1.25 	 16.85 	 25.001171
	 3.41 	 -1.32 	 16.86 	 25.001163
	 3.40 	 -1.39 	 16.87 	 25.001153
	 3.38 	 -1.46 	 16.88 	 25.001144
	 3.37 	 -1.53 	 16.89 	 25.001134
	 3.35 	 -1.59 	 16.90 	 25.001123
	 3.34 	 -1.66 	 16.91 	 25.001112
	 3.32 	 -1.73 	 16.92 	 25.001101
	 3.30 	 -1.79 	 16.93 	 25.001089
	 3.28 	 -1.86 	 16.94 	 25.001077
	 3.26 	 -1.92 	 16.95 	 25.001065
	 3.24 	 -1.99 	 16.96 	 25.001052
	 3.22 	 -2.05 	 16.97 	 25.001039
	 3.20 	 -2.12 	 16.98 	 25.001026
	 3.18 	 -2.18 	 16.99 	 25.001012
	 3.16 	 -2.25 	 17.00 	 25.000998
	 3.14 	 -2.31 	 17.01 	 25.000984
	 3.11 	 -2.37 	 17.02 	 25.000969
	 3.09 	 -2.43 	 17.03 	 25.000954
	 3.06 	 -2.49 	 17.04 	 25.000939
	 3.04 	 -2.56 	 17.05 	 25.000924
	 3.01 	 -2.62 	 17.06 	 25.000908
	 2.99 	 -2.68 	 17.07 	 25.000892
	 2.96 	 -2.74 	 17.08 	 25.000876
	 2.93 	 -2.79 	 17.09 	 25.000860
	 2.90 	 -2.85 	 17.10 	 25.000843
	 2.87 	 -2.91 	 17.11 	 25.000826
	 2.85 	 -2.97 	 17.12 	 25.000810
	 2.82 	 -3.02 	 17.13 	 25.000793
	 2.78 	 -3.08 	 17.14 	 25.000776
	 2.75 	 -3.14 	 17.15 	 25.000758
	 2.72 	 -3.19 	 17.16 	 25.000741
	 2.69 	 -3.24 	 17.17 	 25.000724
	 2.66 	 -3.30 	 17.18 	 25.000706
	 2.62 	 -3.35 	 17.19 	 25.000689
	 2.59 	 -3.40 	 17.20 	 25.000671
	 2.56 	 -3.45 	 17.21 	 25.000653
	 2.52 	 -3.51 	 17.22 	 25.000636
	 2.49 	 -3.56 	 17.23 	 25.000618
	 2.45 	 -3.60 	 17.24 	 25.000600
	 2.41 	 -3.65 	 17.25 	 25.000583
	 2.38 	 -3.70 	 17.26 	 25.000565
	 2.34 	 -3.75 	 17.27 	 25.000547
	 2.30 	 -3.79 	 17.28 	 25.000530
	 2.26 	 -3.84 	 17.29 	 25.000513
	 2.23 	 -3.89 	 17.30 	 25.000495
	 2.19 	 -3.93 	 17.31 	 25.000478
	 2.15 	 -3.97 	 17.32 	 25.000461
	 2.11 	 -4.02 	 17.33 	 25.000444
	 2.07 	 -4.06 	 17.34 	 25.000427
	 2.03 	 -4.10 	 17.35 	 25.000410
	 1.98 	 -4.14 	 17.36 	 25.000394
	 1.94 	 -4.18 	 17.37 	 25.000377
	 1.90 	 -4.22 	 17.38 	 25.000361
	 1.86 	 -4.25 	 17.39 	 25.000345
	 1.82 	 -4.29 	 17.40 	 25.000330
	 1.77 	 -4.33 	 17.41 	 25.000314
	 1.73 	 -4.36 	 17.42 	 25.000299
	 1.69 	 -4.40 	 17.43 	 25.000284
	 1.64 	 -4.43 	 17.44 	 25.000269
	 1.60 	 -4.46 	 17.45 	 25.000255
	 1.55 	 -4.49 	 17.46 	 25.000241
	 1.51 	 -4.52 	 17.47 	 25.000227
	 1.46 	 -4.55 	 17.48 	 25.000214
	 1.42 	 -4.58 	 17.49 	 25.000201
	 1.37 	 -4.61 	 17.50 	 25.000188
	 1.32 	 -4.64 	 17.51 	 25.000175
	 1.28 	 -4.66 	 17.52 	 25.000163
	 1.23 	 -4.69 	 17.53 	 25.000151
	 1.18 	 -4.71 	 17.54 	 25.000140
	 1.14 	 -4.73 	 17.55 	 25.000129
	 1.09 	 -4.76 	 17.56 	 25.000119
	 1.04 	 -4.78 	 17.57 	 25.000108
	 0.99 	 -4.80 	 17.58 	 25.000099
	 0.95 	 -4.82 	 17.59 	 25.000089
	 0.90 	 -4.84 	 17.60 	 25.000080
	 0.85 	 -4.85 	 17.61 	 25.000072
	 0.80 	 -4.87 	 17.62 	 25.000064
	 0.75 	 -4.89 	 17.63 	 25.000056
	 0.70 	 -4.90 	 17.64 	 25.000049
	 0.65 	 -4.91 	 17.65 	 25.000043
	 0.60 	 -4.93 	 17.66 	 25.000036
	 0.55 	 -4.94 	 17.67 	 25.000031
	 0.51 	 -4.95 	 17.68 	 25.000026
	 0.46 	 -4.96 	 17.69 	 25.000021
	 0.41 	 -4.97 	 17.70 	 25.000016
	 0.36 	 -4.97 	 17.71 	 25.000013
	 0.31 	 -4.98 	 17.72 	 25.000009
	 0.26 	 -4.99 	 17.73 	 25.000007
	 0.21 	 -4.99 	 17.74 	 25.000004
	 0.16 	 -5.00 	 17.75 	 25.000002
	 0.11 	 -5.00 	 17.76 	 25.000001
	 0.06 	 -5.00 	 17.77 	 25.000000
	 0.01 	 -5.00 	 17.78 	 25.000000
	 -0.04 	 -5.00 	 17.79 	 25.000000
	 -0.09 	 -5.00 	 17.80 	 25.000001
	 -0.14 	 -5.00 	 17.81 	 25.000002
	 -0.19 	 -4.99 	 17.82 	 25.000004
	 -0.24 	 -4.99 	 17.83 	 25.000006
	 -0.29 	 -4.98 	 17.84 	 25.000009
	 -0.34 	 -4.98 	 17.85 	 25.000012
	 -0.39 	 -4.97 	 17.86 	 25.000015
	 -0.44 	 -4.96 	 17.87 	 25.000020
	 -0.49 	 -4.95 	 17.88 	 25.000024
	 -0.54 	 -4.94 	 17.89 	 25.000029
	 -0.59 	 -4.93 	 17.90 	 25.000035
	 -0.64 	 -4.92 	 17.91 	 25.000041
	 -0.69 	 -4.90 	 17.92 	 25.000047
	 -0.74 	 -4.89 	 17.93 	 25.000054
	 -0.79 	 -4.87 	 17.94 	 25.000062
	 -0.84 	 -4.86 	 17.95 	 25.000070
	 -0.88 	 -4.84 	 17.96 	 25.000078
	 -0.93 	 -4.82 	 17.97 	 25.000087
	 -0.98 	 -4.80 	 17.98 	 25.000096
	 -1.03 	 -4.78 	 17.99 	 25.000106
	 -1.08 	 -4.76 	 18.00 	 25.000116
	 -1.12 	 -4.74 	 18.01 	 25.000126
	 -1.17 	 -4.72 	 18.02 	 25.000137
	 -1.22 	 -4.69 	 18.03 	 25.000148
	 -1.26 	 -4.67 	 18.04 	 25.000160
	 -1.31 	 -4.64 	 18.05 	 25.000172
	 -1.36 	 -4.62 	 18.06 	 25.000184
	 -1.40 	 -4.59 	 18.07 	 25.000197
	 -1.45 	 -4.56 	 18.08 	 25.000210
	 -1.49 	 -4.53 	 18.09 	 25.000223
	 -1.54 	 -4.50 	 18.10 	 25.000237
	 -1.58 	 -4.47 	 18.11 	 25.000251
	 -1.63 	 -4.44 	 18.12 	 25.000265
	 -1.67 	 -4.40 	 18.13 	 25.000280
	 -1.72 	 -4.37 	 18.14 	 25.000295
	 -1.76 	 -4.34 	 18.15 	 25.000310
	 -1.80 	 -4.30 	 18.16 	 25.000325
	 -1.85 	 -4.26 	 18.17 	 25.000341
	 -1.89 	 -4.23 	 18.18 	 25.000357
	 -1.93 	 -4.19 	 18.19 	 25.000373
	 -1.97 	 -4.15 	 18.20 	 25.000389
	 -2.01 	 -4.11 	 18.21 	 25.000406
	 -2.06 	 -4.07 	 18.22 	 25.000422
	 -2.10 	 -4.03 	 18.23 	 25.000439
	 -2.14 	 -3.98 	 18.24 	 25.000456
	 -2.18 	 -3.94 	 18.25 	 25.000473
	 -2.21 	 -3.90 	 18.26 	 25.000490
	 -2.25 	 -3.85 	 18.27 	 25.000508
	 -2.29 	 -3.81 	 18.28 	 25.000525
	 -2.33 	 -3.76 	 18.29 	 25.000543
	 -2.37 	 -3.71 	 18.30 	 25.000560
	 -2.40 	 -3.67 	 18.31 	 25.000578
	 -2.44 	 -3.62 	 18.32 	 25.000595
	 -2.48 	 -3.57 	 18.33 	 25.000613
	 -2.51 	 -3.52 	 18.34 	 25.000631
	 -2.55 	 -3.47 	 18.35 	 25.000648
	 -2.58 	 -3.42 	 18.36 	 25.000666
	 -2.61 	 -3.37 	 18.37 	 25.000684
	 -2.65 	 -3.31 	 18.38 	 25.000701
	 -2.68 	 -3.26 	 18.39 	 25.000719
	 -2.71 	 -3.21 	 18.40 	 25.000736
	 -2.75 	 -3.15 	 18.41 	 25.000754
	 -2.78 	 -3.10 	 18.42 	 25.000771
	 -2.81 	 -3.04 	 18.43 	 25.000788
	 -2.84 	 -2.98 	 18.44 	 25.000805
	 -2.87 	 -2.93 	 18.45 	 25.000822
	 -2.90 	 -2.87 	 18.46 	 25.000839
	 -2.92 	 -2.81 	 18.47 	 25.000855
	 -2.95 	 -2.75 	 18.48 	 25.000871
	 -2.98 	 -2.69 	 18.49 	 25.000888
	 -3.01 	 -2.63 	 18.50 	 25.000904
	 -3.03 	 -2.57 	 18.51 	 25.000919
	 -3.06 	 -2.51 	 18.52 	 25.000935
	 -3.08 	 -2.45 	 18.53 	 25.000950
	 -3.11 	 -2.39 	 18.54 	 25.000965
	 -3.13 	 -2.33 	 18.55 	 25.000980
	 -3.15 	 -2.26 	 18.56 	 25.000994
	 -3.18 	 -2.20 	 18.57 	 25.001008
	 -3.20 	 -2.14 	 18.58 	 25.001022
	 -3.22 	 -2.07 	 18.59 	 25.001035
	 -3.24 	 -2.01 	 18.60 	 25.001049
	 -3.26 	 -1.94 	 18.61 	 25.001061
	 -3.28 	 -1.88 	 18.62 	 25.001074
	 -3.30 	 -1.81 	 18.63 	 25.001086
	 -3.31 	 -1.75 	 18.64 	 25.001098
	 -3.33 	 -1.68 	 18.65 	 25.001109
	 -3.35 	 -1.61 	 18.66 	 25.001120
	 -3.36 	 -1.54 	 18.67 	 25.001131
	 -3.38 	 -1.48 	 18.68 	 25.001141
	 -3.39 	 -1.41 	 18.69 	 25.001151
	 -3.41 	 -1.34 	 18.70 	 25.001160
	 -3.42 	 -1.27 	 18.71 	 25.001169
	 -3.43 	 -1.20 	 18.72 	 25.001177
	 -3.44 	 -1.14 	 18.73 	 25.001186
	 -3.45 	 -1.07 	 18.74 	 25.001193
	 -3.46 	 -1.00 	 18.75 	 25.001200
	 -3.47 	 -0.93 	 18.76 	 25.001207
	 -3.48 	 -0.86 	 18.77 	 25.001213
	 -3.49 	 -0.79 	 18.78 	 25.001219
	 -3.50 	 -0.72 	 18.79 	 25.001224
	 -3.51 	 -0.65 	 18.80 	 25.001229
	 -3.51 	 -0.58 	 18.81 	 25.001233
	 -3.52 	 -0.51 	 18.82 	 25.001237
	 -3.52 	 -0.44 	 18.83 	 25.001240
	 -3.53 	 -0.37 	 18.84 	 25.001243
	 -3.53 	 -0.30 	 18.85 	 25.001246
	 -3.53 	 -0.23 	 18.86 	 25.001247
	 -3.53 	 -0.16 	 18.87 	 25.001249
	 -3.54 	 -0.09 	 18.88 	 25.001250
	 -3.54 	 -0.01 	 18.89 	 25.001250
	 -3.54 	 0.06 	 18.90 	 25.001250
	 -3.53 	 0.13 	 18.91 	 25.001249
	 -3.53 	 0.20 	 18.92 	 25.001248
	 -3.53 	 0.27 	 18.93 	 25.001246
	 -3.53 	 0.34 	 18.94 	 25.001244
	 -3.52 	 0.41 	 18.95 	 25.001242
	 -3.52 	 0.48 	 18.96 	 25.001239
	 -3.51 	 0.55 	 18.97 	 25.001235
	 -3.51 	 0.62 	 18.98 	 25.001231
	 -3.50 	 0.69 	 18.99 	 25.001226
	 -3.49 	 0.76 	 19.00 	 25.001221
	 -3.49 	 0.83 	 19.01 	 25.001216
	 -3.48 	 0.90 	 19.02 	 25.001210
	 -3.47 	 0.97 	 19.03 	 25.001203
	 -3.46 	 1.04 	 19.04 	 25.001196
	 -3.45 	 1.11 	 19.05 	 25.001189
	 -3.44 	 1.18 	 19.06 	 25.001181
	 -3.42 	 1.24 	 19.07 	 25.001173
	 -3.41 	 1.31 	 19.08 	 25.001164
	 -3.40 	 1.38 	 19.09 	 25.001155
	 -3.38 	 1.45 	 19.10 	 25.001145
	 -3.37 	 1.52 	 19.11 	 25.001135
	 -3.35 	 1.58 	 19.12 	 25.001125
	 -3.34 	 1.65 	 19.13 	 25.001114
	 -3.32 	 1.72 	 19.14 	 25.001103
	 -3.30 	 1.78 	 19.15 	 25.001091
	 -3.28 	 1.85 	 19.16 	 25.001079
	 -3.27 	 1.91 	 19.17 	 25.001067
	 -3.25 	 1.98 	 19.18 	 25.001054
	 -3.23 	 2.04 	 19.19 	 25.001041
	 -3.21 	 2.11 	 19.20 	 25.001028
	 -3.18 	 2.17 	 19.21 	 25.001014
	 -3.16 	 2.24 	 19.22 	 25.001000
	 -3.14 	 2.30 	 19.23 	 25.000986
	 -3.12 	 2.36 	 19.24 	 25.000971
	 -3.09 	 2.42 	 19.25 	 25.000956
	 -3.07 	 2.49 	 19.26 	 25.000941
	 -3.04 	 2.55 	 19.27 	 25.000926
	 -3.02 	 2.61 	 19.28 	 25.000910
	 -2.99 	 2.67 	 19.29 	 25.000894
	 -2.96 	 2.73 	 19.30 	 25.000878
	 -2.94 	 2.79 	 19.31 	 25.000862
	 -2.91 	 2.84 	 19.32 	 25.000845
	 -2.88 	 2.90 	 19.33 	 25.000829
	 -2.85 	 2.96 	 19.34 	 25.000812
	 -2.82 	 3.02 	 19.35 	 25.000795
	 -2.79 	 3.07 	 19.36 	 25.000778
	 -2.76 	 3.13 	 19.37 	 25.000761
	 -2.73 	 3.18 	 19.38 	 25.000744
	 -2.69 	 3.24 	 19.39 	 25.000726
	 -2.66 	 3.29 	 19.40 	 25.000709
	 -2.63 	 3.34 	 19.41 	 25.000691
	 -2.60 	 3.40 	 19.42 	 25.000674
	 -2.56 	 3.45 	 19.43 	 25.000656
	 -2.53 	 3.50 	 19.44 	 25.000638
	 -2.49 	 3.55 	 19.45 	 25.000621
	 -2.46 	 3.60 	 19.46 	 25.000603
	 -2.42 	 3.65 	 19.47 	 25.000585
	 -2.38 	 3.69 	 19.48 	 25.000568
	 -2.35 	 3.74 	 19.49 	 25.000550
	 -2.31 	 3.79 	 19.50 	 25.000532
	 -2.27 	 3.83 	 19.51 	 25.000515
	 -2.23 	 3.88 	 19.52 	 25.000498
	 -2.19 	 3.92 	 19.53 	 25.000480
	 -2.15 	 3.97 	 19.54 	 25.000463
	 -2.11 	 4.01 	 19.55 	 25.000446
	 -2.07 	 4.05 	 19.56 	 25.000429
	 -2.03 	 4.09 	 19.57 	 25.000413
	 -1.99 	 4.13 	 19.58 	 25.000396
	 -1.95 	 4.17 	 19.59 	 25.000380
	 -1.91 	 4.21 	 19.60 	 25.000364
	 -1.86 	 4.25 	 19.61 	 25.000348
	 -1.82 	 4.29 	 19.62 	 25.000332
	 -1.78 	 4.32 	 19.63 	 25.000316
	 -1.74 	 4.36 	 19.64 	 25.000301
	 -1.69 	 4.39 	 19.65 	 25.000286
	 -1.65 	 4.42 	 19.66 	 25.000272
	 -1.60 	 4.46 	 19.67 	 25.000257
	 -1.56 	 4.49 	 19.68 	 25.000243
	 -1.51 	 4.52 	 19.69 	 25.000229
	 -1.47 	 4.55 	 19.70 	 25.000216
	 -1.42 	 4.58 	 19.71 	 25.000202
	 -1.38 	 4.61 	 19.72 	 25.000190
	 -1.33 	 4.63 	 19.73 	 25.000177
	 -1.28 	 4.66 	 19.74 	 25.000165
	 -1.24 	 4.68 	 19.75 	 25.000153
	 -1.19 	 4.71 	 19.76 	 25.000142
	 -1.14 	 4.73 	 19.77 	 25.000131
	 -1.10 	 4.75 	 19.78 	 25.000120
	 -1.05 	 4.78 	 19.79 	 25.000110
	 -1.00 	 4.80 	 19.80 	 25.000100
	 -0.95 	 4.82 	 19.81 	 25.000091
	 -0.90 	 4.83 	 19.82 	 25.000082
	 -0.86 	 4.85 	 19.83 	 25.000073
	 -0.81 	 4.87 	 19.84 	 25.000065
	 -0.76 	 4.88 	 19.85 	 25.000057
	 -0.71 	 4.90 	 19.86 	 25.000050
	 -0.66 	 4.91 	 19.87 	 25.000044
	 -0.61 	 4.92 	 19.88 	 25.000037
	 -0.56 	 4.94 	 19.89 	 25.000032
	 -0.51 	 4.95 	 19.90 	 25.000026
	 -0.46 	 4.96 	 19.91 	 25.000021
	 -0.41 	 4.97 	 19.92 	 25.000017
	 -0.36 	 4.97 	 19.93 	 25.000013
	 -0.31 	 4.98 	 19.94 	 25.000010
	 -0.26 	 4.99 	 19.95 	 25.000007
	 -0.21 	 4.99 	 19.96 	 25.000005
	 -0.16 	 4.99 	 19.97 	 25.000003
	 -0.11 	 5.00 	 19.98 	 25.000001
	 -0.06 	 5.00 	 19.99 	 25.000000
	 -0.01 	 5.00 	 20.00 	 25.000000
