	 0.000 	 5.000 	 0.000 	 25.000000
	 0.000 	 -5.000 	 0.003 	 25.000000
	 -0.015 	 -5.000 	 0.006 	 25.000000
	 -0.030 	 -5.000 	 0.009 	 25.000000
	 -0.045 	 -5.000 	 0.012 	 25.000000
	 -0.060 	 -4.999 	 0.015 	 25.000000
	 -0.075 	 -4.999 	 0.018 	 25.000000
	 -0.090 	 -4.998 	 0.021 	 25.000000
	 -0.105 	 -4.998 	 0.024 	 25.000000
	 -0.120 	 -4.997 	 0.027 	 25.000000
	 -0.135 	 -4.996 	 0.030 	 25.000000
	 -0.150 	 -4.996 	 0.033 	 25.000000
	 -0.165 	 -4.995 	 0.036 	 25.000000
	 -0.180 	 -4.994 	 0.039 	 25.000000
	 -0.195 	 -4.992 	 0.042 	 25.000000
	 -0.210 	 -4.991 	 0.045 	 25.000000
	 -0.225 	 -4.990 	 0.048 	 25.000000
	 -0.240 	 -4.988 	 0.051 	 25.000001
	 -0.255 	 -4.987 	 0.054 	 25.000001
	 -0.270 	 -4.985 	 0.057 	 25.000001
	 -0.285 	 -4.984 	 0.060 	 25.000001
	 -0.300 	 -4.982 	 0.063 	 25.000001
	 -0.315 	 -4.980 	 0.066 	 25.000001
	 -0.330 	 -4.978 	 0.069 	 25.000001
	 -0.344 	 -4.976 	 0.072 	 25.000001
	 -0.359 	 -4.974 	 0.075 	 25.000001
	 -0.374 	 -4.972 	 0.078 	 25.000001
	 -0.389 	 -4.970 	 0.081 	 25.000001
	 -0.404 	 -4.967 	 0.084 	 25.000001
	 -0.419 	 -4.965 	 0.087 	 25.000002
	 -0.434 	 -4.962 	 0.090 	 25.000002
	 -0.449 	 -4.960 	 0.093 	 25.000002
	 -0.464 	 -4.957 	 0.096 	 25.000002
	 -0.479 	 -4.954 	 0.099 	 25.000002
	 -0.493 	 -4.951 	 0.102 	 25.000002
	 -0.508 	 -4.948 	 0.105 	 25.000002
	 -0.523 	 -4.945 	 0.108 	 25.000002
	 -0.538 	 -4.942 	 0.111 	 25.000003
	 -0.553 	 -4.939 	 0.114 	 25.000003
	 -0.568 	 -4.935 	 0.117 	 25.000003
	 -0.582 	 -4.932 	 0.120 	 25.000003
	 -0.597 	 -4.928 	 0.123 	 25.000003
	 -0.612 	 -4.925 	 0.126 	 25.000003
	 -0.627 	 -4.921 	 0.129 	 25.000004
	 -0.641 	 -4.917 	 0.132 	 25.000004
	 -0.656 	 -4.913 	 0.135 	 25.000004
	 -0.671 	 -4.909 	 0.138 	 25.000004
	 -0.686 	 -4.905 	 0.141 	 25.000004
	 -0.700 	 -4.901 	 0.144 	 25.000004
	 -0.715 	 -4.897 	 0.147 	 25.000005
	 -0.730 	 -4.892 	 0.150 	 25.000005
	 -0.744 	 -4.888 	 0.153 	 25.000005
	 -0.759 	 -4.883 	 0.156 	 25.000005
	 -0.774 	 -4.879 	 0.159 	 25.000005
	 -0.788 	 -4.874 	 0.162 	 25.000006
	 -0.803 	 -4.869 	 0.165 	 25.000006
	 -0.818 	 -4.864 	 0.168 	 25.000006
	 -0.832 	 -4.860 	 0.171 	 25.000006
	 -0.847 	 -4.855 	 0.174 	 25.000006
	 -0.861 	 -4.849 	 0.177 	 25.000007
	 -0.876 	 -4.844 	 0.180 	 25.000007
	 -0.890 	 -4.839 	 0.183 	 25.000007
	 -0.905 	 -4.833 	 0.186 	 25.000007
	 -0.919 	 -4.828 	 0.189 	 25.000008
	 -0.934 	 -4.822 	 0.192 	 25.000008
	 -0.948 	 -4.817 	 0.195 	 25.000008
	 -0.963 	 -4.811 	 0.198 	 25.000008
	 -0.977 	 -4.805 	 0.201 	 25.000009
	 -0.992 	 -4.799 	 0.204 	 25.000009
	 -1.006 	 -4.793 	 0.207 	 25.000009
	 -1.020 	 -4.787 	 0.210 	 25.000009
	 -1.035 	 -4.781 	 0.213 	 25.000010
	 -1.049 	 -4.775 	 0.216 	 25.000010
	 -1.063 	 -4.769 	 0.219 	 25.000010
	 -1.078 	 -4.762 	 0.222 	 25.000010
	 -1.092 	 -4.756 	 0.225 	 25.000011
	 -1.106 	 -4.749 	 0.228 	 25.000011
	 -1.120 	 -4.742 	 0.231 	 25.000011
	 -1.135 	 -4.736 	 0.234 	 25.000012
	 -1.149 	 -4.729 	 0.237 	 25.000012
	 -1.163 	 -4.722 	 0.240 	 25.000012
	 -1.177 	 -4.715 	 0.243 	 25.000012
	 -1.191 	 -4.708 	 0.246 	 25.000013
	 -1.205 	 -4.700 	 0.249 	 25.000013
	 -1.219 	 -4.693 	 0.252 	 25.000013
	 -1.234 	 -4.686 	 0.255 	 25.000014
	 -1.248 	 -4.678 	 0.258 	 25.000014
	 -1.262 	 -4.671 	 0.261 	 25.000014
	 -1.276 	 -4.663 	 0.264 	 25.000015
	 -1.290 	 -4.656 	 0.267 	 25.000015
	 -1.304 	 -4.648 	 0.270 	 25.000015
	 -1.317 	 -4.640 	 0.273 	 25.000016
	 -1.331 	 -4.632 	 0.276 	 25.000016
	 -1.345 	 -4.624 	 0.279 	 25.000016
	 -1.359 	 -4.616 	 0.282 	 25.000017
	 -1.373 	 -4.608 	 0.285 	 25.000017
	 -1.387 	 -4.599 	 0.288 	 25.000017
	 -1.401 	 -4.591 	 0.291 	 25.000018
	 -1.414 	 -4.583 	 0.294 	 25.000018
	 -1.428 	 -4.574 	 0.297 	 25.000018
	 -1.442 	 -4.565 	 0.300 	 25.000019
	 -1.455 	 -4.557 	 0.303 	 25.000019
	 -1.469 	 -4.548 	 0.306 	 25.000019
	 -1.483 	 -4.539 	 0.309 	 25.000020
	 -1.496 	 -4.530 	 0.312 	 25.000020
	 -1.510 	 -4.521 	 0.315 	 25.000021
	 -1.523 	 -4.512 	 0.318 	 25.000021
	 -1.537 	 -4.503 	 0.321 	 25.000021
	 -1.550 	 -4.494 	 0.324 	 25.000022
	 -1.564 	 -4.484 	 0.327 	 25.000022
	 -1.577 	 -4.475 	 0.330 	 25.000022
	 -1.591 	 -4.465 	 0.333 	 25.000023
	 -1.604 	 -4.456 	 0.336 	 25.000023
	 -1.617 	 -4.446 	 0.339 	 25.000024
	 -1.631 	 -4.436 	 0.342 	 25.000024
	 -1.644 	 -4.426 	 0.345 	 25.000024
	 -1.657 	 -4.417 	 0.348 	 25.000025
	 -1.671 	 -4.407 	 0.351 	 25.000025
	 -1.684 	 -4.397 	 0.354 	 25.000026
	 -1.697 	 -4.386 	 0.357 	 25.000026
	 -1.710 	 -4.376 	 0.360 	 25.000026
	 -1.723 	 -4.366 	 0.363 	 25.000027
	 -1.736 	 -4.355 	 0.366 	 25.000027
	 -1.749 	 -4.345 	 0.369 	 25.000028
	 -1.762 	 -4.335 	 0.372 	 25.000028
	 -1.775 	 -4.324 	 0.375 	 25.000028
	 -1.788 	 -4.313 	 0.378 	 25.000029
	 -1.801 	 -4.302 	 0.381 	 25.000029
	 -1.814 	 -4.292 	 0.384 	 25.000030
	 -1.827 	 -4.281 	 0.387 	 25.000030
	 -1.840 	 -4.270 	 0.390 	 25.000030
	 -1.853 	 -4.259 	 0.393 	 25.000031
	 -1.865 	 -4.247 	 0.396 	 25.000031
	 -1.878 	 -4.236 	 0.399 	 25.000032
	 -1.891 	 -4.225 	 0.402 	 25.000032
	 -1.903 	 -4.214 	 0.405 	 25.000033
	 -1.916 	 -4.202 	 0.408 	 25.000033
	 -1.929 	 -4.191 	 0.411 	 25.000033
	 -1.941 	 -4.179 	 0.414 	 25.000034
	 -1.954 	 -4.167 	 0.417 	 25.000034
	 -1.966 	 -4.155 	 0.420 	 25.000035
	 -1.979 	 -4.144 	 0.423 	 25.000035
	 -1.991 	 -4.132 	 0.426 	 25.000036
	 -2.003 	 -4.120 	 0.429 	 25.000036
	 -2.016 	 -4.108 	 0.432 	 25.000037
	 -2.028 	 -4.096 	 0.435 	 25.000037
	 -2.040 	 -4.083 	 0.438 	 25.000037
	 -2.053 	 -4.071 	 0.441 	 25.000038
	 -2.065 	 -4.059 	 0.444 	 25.000038
	 -2.077 	 -4.046 	 0.447 	 25.000039
	 -2.089 	 -4.034 	 0.450 	 25.000039
	 -2.101 	 -4.021 	 0.453 	 25.000040
	 -2.113 	 -4.009 	 0.456 	 25.000040
	 -2.125 	 -3.996 	 0.459 	 25.000041
	 -2.137 	 -3.983 	 0.462 	 25.000041
	 -2.149 	 -3.970 	 0.465 	 25.000042
	 -2.161 	 -3.957 	 0.468 	 25.000042
	 -2.173 	 -3.944 	 0.471 	 25.000042
	 -2.185 	 -3.931 	 0.474 	 25.000043
	 -2.196 	 -3.918 	 0.477 	 25.000043
	 -2.208 	 -3.905 	 0.480 	 25.000044
	 -2.220 	 -3.892 	 0.483 	 25.000044
	 -2.232 	 -3.878 	 0.486 	 25.000045
	 -2.243 	 -3.865 	 0.489 	 25.000045
	 -2.255 	 -3.851 	 0.492 	 25.000046
	 -2.266 	 -3.838 	 0.495 	 25.000046
	 -2.278 	 -3.824 	 0.498 	 25.000047
	 -2.289 	 -3.810 	 0.501 	 25.000047
	 -2.301 	 -3.797 	 0.504 	 25.000048
	 -2.312 	 -3.783 	 0.507 	 25.000048
	 -2.323 	 -3.769 	 0.510 	 25.000049
	 -2.335 	 -3.755 	 0.513 	 25.000049
	 -2.346 	 -3.741 	 0.516 	 25.000050
	 -2.357 	 -3.727 	 0.519 	 25.000050
	 -2.368 	 -3.713 	 0.522 	 25.000050
	 -2.379 	 -3.698 	 0.525 	 25.000051
	 -2.390 	 -3.684 	 0.528 	 25.000051
	 -2.401 	 -3.670 	 0.531 	 25.000052
	 -2.412 	 -3.655 	 0.534 	 25.000052
	 -2.423 	 -3.641 	 0.537 	 25.000053
	 -2.434 	 -3.626 	 0.540 	 25.000053
	 -2.445 	 -3.611 	 0.543 	 25.000054
	 -2.456 	 -3.597 	 0.546 	 25.000054
	 -2.467 	 -3.582 	 0.549 	 25.000055
	 -2.477 	 -3.567 	 0.552 	 25.000055
	 -2.488 	 -3.552 	 0.555 	 25.000056
	 -2.499 	 -3.537 	 0.558 	 25.000056
	 -2.509 	 -3.522 	 0.561 	 25.000057
	 -2.520 	 -3.507 	 0.564 	 25.000057
	 -2.530 	 -3.492 	 0.567 	 25.000058
	 -2.541 	 -3.477 	 0.570 	 25.000058
	 -2.551 	 -3.462 	 0.573 	 25.000059
	 -2.562 	 -3.446 	 0.576 	 25.000059
	 -2.572 	 -3.431 	 0.579 	 25.000060
	 -2.582 	 -3.415 	 0.582 	 25.000060
	 -2.592 	 -3.400 	 0.585 	 25.000060
	 -2.603 	 -3.384 	 0.588 	 25.000061
	 -2.613 	 -3.369 	 0.591 	 25.000061
	 -2.623 	 -3.353 	 0.594 	 25.000062
	 -2.633 	 -3.337 	 0.597 	 25.000062
	 -2.643 	 -3.321 	 0.600 	 25.000063
	 -2.653 	 -3.305 	 0.603 	 25.000063
	 -2.663 	 -3.289 	 0.606 	 25.000064
	 -2.672 	 -3.273 	 0.609 	 25.000064
	 -2.682 	 -3.257 	 0.612 	 25.000065
	 -2.692 	 -3.241 	 0.615 	 25.000065
	 -2.702 	 -3.225 	 0.618 	 25.000066
	 -2.711 	 -3.209 	 0.621 	 25.000066
	 -2.721 	 -3.193 	 0.624 	 25.000067
	 -2.731 	 -3.176 	 0.627 	 25.000067
	 -2.740 	 -3.160 	 0.630 	 25.000068
	 -2.749 	 -3.143 	 0.633 	 25.000068
	 -2.759 	 -3.127 	 0.636 	 25.000069
	 -2.768 	 -3.110 	 0.639 	 25.000069
	 -2.778 	 -3.094 	 0.642 	 25.000069
	 -2.787 	 -3.077 	 0.645 	 25.000070
	 -2.796 	 -3.060 	 0.648 	 25.000070
	 -2.805 	 -3.043 	 0.651 	 25.000071
	 -2.814 	 -3.026 	 0.654 	 25.000071
	 -2.823 	 -3.010 	 0.657 	 25.000072
	 -2.832 	 -2.993 	 0.660 	 25.000072
	 -2.841 	 -2.976 	 0.663 	 25.000073
	 -2.850 	 -2.959 	 0.666 	 25.000073
	 -2.859 	 -2.941 	 0.669 	 25.000074
	 -2.868 	 -2.924 	 0.672 	 25.000074
	 -2.877 	 -2.907 	 0.675 	 25.000074
	 -2.885 	 -2.890 	 0.678 	 25.000075
	 -2.894 	 -2.872 	 0.681 	 25.000075
	 -2.903 	 -2.855 	 0.684 	 25.000076
	 -2.911 	 -2.838 	 0.687 	 25.000076
	 -2.920 	 -2.820 	 0.690 	 25.000077
	 -2.928 	 -2.802 	 0.693 	 25.000077
	 -2.936 	 -2.785 	 0.696 	 25.000078
	 -2.945 	 -2.767 	 0.699 	 25.000078
	 -2.953 	 -2.750 	 0.702 	 25.000078
	 -2.961 	 -2.732 	 0.705 	 25.000079
	 -2.969 	 -2.714 	 0.708 	 25.000079
	 -2.977 	 -2.696 	 0.711 	 25.000080
	 -2.986 	 -2.678 	 0.714 	 25.000080
	 -2.994 	 -2.660 	 0.717 	 25.000081
	 -3.001 	 -2.642 	 0.720 	 25.000081
	 -3.009 	 -2.624 	 0.723 	 25.000082
	 -3.017 	 -2.606 	 0.726 	 25.000082
	 -3.025 	 -2.588 	 0.729 	 25.000082
	 -3.033 	 -2.570 	 0.732 	 25.000083
	 -3.040 	 -2.552 	 0.735 	 25.000083
	 -3.048 	 -2.533 	 0.738 	 25.000084
	 -3.056 	 -2.515 	 0.741 	 25.000084
	 -3.063 	 -2.497 	 0.744 	 25.000084
	 -3.071 	 -2.478 	 0.747 	 25.000085
	 -3.078 	 -2.460 	 0.750 	 25.000085
	 -3.085 	 -2.441 	 0.753 	 25.000086
	 -3.093 	 -2.423 	 0.756 	 25.000086
	 -3.100 	 -2.404 	 0.759 	 25.000086
	 -3.107 	 -2.386 	 0.762 	 25.000087
	 -3.114 	 -2.367 	 0.765 	 25.000087
	 -3.121 	 -2.348 	 0.768 	 25.000088
	 -3.128 	 -2.330 	 0.771 	 25.000088
	 -3.135 	 -2.311 	 0.774 	 25.000088
	 -3.142 	 -2.292 	 0.777 	 25.000089
	 -3.149 	 -2.273 	 0.780 	 25.000089
	 -3.156 	 -2.254 	 0.783 	 25.000090
	 -3.163 	 -2.235 	 0.786 	 25.000090
	 -3.169 	 -2.216 	 0.789 	 25.000090
	 -3.176 	 -2.197 	 0.792 	 25.000091
	 -3.182 	 -2.178 	 0.795 	 25.000091
	 -3.189 	 -2.159 	 0.798 	 25.000092
	 -3.195 	 -2.140 	 0.801 	 25.000092
	 -3.202 	 -2.121 	 0.804 	 25.000092
	 -3.208 	 -2.101 	 0.807 	 25.000093
	 -3.214 	 -2.082 	 0.810 	 25.000093
	 -3.221 	 -2.063 	 0.813 	 25.000093
	 -3.227 	 -2.044 	 0.816 	 25.000094
	 -3.233 	 -2.024 	 0.819 	 25.000094
	 -3.239 	 -2.005 	 0.822 	 25.000094
	 -3.245 	 -1.985 	 0.825 	 25.000095
	 -3.251 	 -1.966 	 0.828 	 25.000095
	 -3.257 	 -1.946 	 0.831 	 25.000095
	 -3.262 	 -1.927 	 0.834 	 25.000096
	 -3.268 	 -1.907 	 0.837 	 25.000096
	 -3.274 	 -1.888 	 0.840 	 25.000096
	 -3.280 	 -1.868 	 0.843 	 25.000097
	 -3.285 	 -1.848 	 0.846 	 25.000097
	 -3.291 	 -1.828 	 0.849 	 25.000097
	 -3.296 	 -1.809 	 0.852 	 25.000098
	 -3.302 	 -1.789 	 0.855 	 25.000098
	 -3.307 	 -1.769 	 0.858 	 25.000098
	 -3.312 	 -1.749 	 0.861 	 25.000099
	 -3.317 	 -1.729 	 0.864 	 25.000099
	 -3.323 	 -1.709 	 0.867 	 25.000099
	 -3.328 	 -1.689 	 0.870 	 25.000100
	 -3.333 	 -1.669 	 0.873 	 25.000100
	 -3.338 	 -1.649 	 0.876 	 25.000100
	 -3.343 	 -1.629 	 0.879 	 25.000101
	 -3.347 	 -1.609 	 0.882 	 25.000101
	 -3.352 	 -1.589 	 0.885 	 25.000101
	 -3.357 	 -1.569 	 0.888 	 25.000101
	 -3.362 	 -1.549 	 0.891 	 25.000102
	 -3.366 	 -1.529 	 0.894 	 25.000102
	 -3.371 	 -1.509 	 0.897 	 25.000102
	 -3.375 	 -1.488 	 0.900 	 25.000103
	 -3.380 	 -1.468 	 0.903 	 25.000103
	 -3.384 	 -1.448 	 0.906 	 25.000103
	 -3.388 	 -1.427 	 0.909 	 25.000103
	 -3.393 	 -1.407 	 0.912 	 25.000104
	 -3.397 	 -1.387 	 0.915 	 25.000104
	 -3.401 	 -1.366 	 0.918 	 25.000104
	 -3.405 	 -1.346 	 0.921 	 25.000104
	 -3.409 	 -1.325 	 0.924 	 25.000105
	 -3.413 	 -1.305 	 0.927 	 25.000105
	 -3.417 	 -1.285 	 0.930 	 25.000105
	 -3.421 	 -1.264 	 0.933 	 25.000105
	 -3.424 	 -1.243 	 0.936 	 25.000106
	 -3.428 	 -1.223 	 0.939 	 25.000106
	 -3.432 	 -1.202 	 0.942 	 25.000106
	 -3.435 	 -1.182 	 0.945 	 25.000106
	 -3.439 	 -1.161 	 0.948 	 25.000106
	 -3.442 	 -1.140 	 0.951 	 25.000107
	 -3.446 	 -1.120 	 0.954 	 25.000107
	 -3.449 	 -1.099 	 0.957 	 25.000107
	 -3.452 	 -1.078 	 0.960 	 25.000107
	 -3.456 	 -1.058 	 0.963 	 25.000107
	 -3.459 	 -1.037 	 0.966 	 25.000108
	 -3.462 	 -1.016 	 0.969 	 25.000108
	 -3.465 	 -0.995 	 0.972 	 25.000108
	 -3.468 	 -0.975 	 0.975 	 25.000108
	 -3.471 	 -0.954 	 0.978 	 25.000108
	 -3.473 	 -0.933 	 0.981 	 25.000109
	 -3.476 	 -0.912 	 0.984 	 25.000109
	 -3.479 	 -0.891 	 0.987 	 25.000109
	 -3.482 	 -0.870 	 0.990 	 25.000109
	 -3.484 	 -0.849 	 0.993 	 25.000109
	 -3.487 	 -0.829 	 0.996 	 25.000109
	 -3.489 	 -0.808 	 0.999 	 25.000110
	 -3.492 	 -0.787 	 1.002 	 25.000110
	 -3.494 	 -0.766 	 1.005 	 25.000110
	 -3.496 	 -0.745 	 1.008 	 25.000110
	 -3.498 	 -0.724 	 1.011 	 25.000110
	 -3.500 	 -0.703 	 1.014 	 25.000110
	 -3.503 	 -0.682 	 1.017 	 25.000110
	 -3.505 	 -0.661 	 1.020 	 25.000111
	 -3.506 	 -0.640 	 1.023 	 25.000111
	 -3.508 	 -0.619 	 1.026 	 25.000111
	 -3.510 	 -0.598 	 1.029 	 25.000111
	 -3.512 	 -0.577 	 1.032 	 25.000111
	 -3.514 	 -0.555 	 1.035 	 25.000111
	 -3.515 	 -0.534 	 1.038 	 25.000111
	 -3.517 	 -0.513 	 1.041 	 25.000111
	 -3.518 	 -0.492 	 1.044 	 25.000111
	 -3.520 	 -0.471 	 1.047 	 25.000112
	 -3.521 	 -0.450 	 1.050 	 25.000112
	 -3.523 	 -0.429 	 1.053 	 25.000112
	 -3.524 	 -0.408 	 1.056 	 25.000112
	 -3.525 	 -0.387 	 1.059 	 25.000112
	 -3.526 	 -0.365 	 1.062 	 25.000112
	 -3.527 	 -0.344 	 1.065 	 25.000112
	 -3.528 	 -0.323 	 1.068 	 25.000112
	 -3.529 	 -0.302 	 1.071 	 25.000112
	 -3.530 	 -0.281 	 1.074 	 25.000112
	 -3.531 	 -0.260 	 1.077 	 25.000112
	 -3.532 	 -0.238 	 1.080 	 25.000112
	 -3.532 	 -0.217 	 1.083 	 25.000112
	 -3.533 	 -0.196 	 1.086 	 25.000112
	 -3.533 	 -0.175 	 1.089 	 25.000112
	 -3.534 	 -0.154 	 1.092 	 25.000112
	 -3.534 	 -0.132 	 1.095 	 25.000112
	 -3.535 	 -0.111 	 1.098 	 25.000112
	 -3.535 	 -0.090 	 1.101 	 25.000112
	 -3.535 	 -0.069 	 1.104 	 25.000112
	 -3.535 	 -0.048 	 1.107 	 25.000112
	 -3.535 	 -0.026 	 1.110 	 25.000112
	 -3.536 	 -0.005 	 1.113 	 25.000113
	 -3.536 	 0.016 	 1.116 	 25.000112
	 -3.535 	 0.037 	 1.119 	 25.000112
	 -3.535 	 0.059 	 1.122 	 25.000112
	 -3.535 	 0.080 	 1.125 	 25.000112
	 -3.535 	 0.101 	 1.128 	 25.000112
	 -3.534 	 0.122 	 1.131 	 25.000112
	 -3.534 	 0.143 	 1.134 	 25.000112
	 -3.534 	 0.165 	 1.137 	 25.000112
	 -3.533 	 0.186 	 1.140 	 25.000112
	 -3.533 	 0.207 	 1.143 	 25.000112
	 -3.532 	 0.228 	 1.146 	 25.000112
	 -3.531 	 0.249 	 1.149 	 25.000112
	 -3.530 	 0.271 	 1.152 	 25.000112
	 -3.530 	 0.292 	 1.155 	 25.000112
	 -3.529 	 0.313 	 1.158 	 25.000112
	 -3.528 	 0.334 	 1.161 	 25.000112
	 -3.527 	 0.355 	 1.164 	 25.000112
	 -3.526 	 0.376 	 1.167 	 25.000112
	 -3.524 	 0.398 	 1.170 	 25.000112
	 -3.523 	 0.419 	 1.173 	 25.000112
	 -3.522 	 0.440 	 1.176 	 25.000112
	 -3.520 	 0.461 	 1.179 	 25.000112
	 -3.519 	 0.482 	 1.182 	 25.000111
	 -3.518 	 0.503 	 1.185 	 25.000111
	 -3.516 	 0.524 	 1.188 	 25.000111
	 -3.514 	 0.545 	 1.191 	 25.000111
	 -3.513 	 0.566 	 1.194 	 25.000111
	 -3.511 	 0.588 	 1.197 	 25.000111
	 -3.509 	 0.609 	 1.200 	 25.000111
	 -3.507 	 0.630 	 1.203 	 25.000111
	 -3.505 	 0.651 	 1.206 	 25.000111
	 -3.503 	 0.672 	 1.209 	 25.000110
	 -3.501 	 0.693 	 1.212 	 25.000110
	 -3.499 	 0.714 	 1.215 	 25.000110
	 -3.497 	 0.735 	 1.218 	 25.000110
	 -3.495 	 0.756 	 1.221 	 25.000110
	 -3.493 	 0.777 	 1.224 	 25.000110
	 -3.490 	 0.798 	 1.227 	 25.000110
	 -3.488 	 0.819 	 1.230 	 25.000109
	 -3.485 	 0.839 	 1.233 	 25.000109
	 -3.483 	 0.860 	 1.236 	 25.000109
	 -3.480 	 0.881 	 1.239 	 25.000109
	 -3.478 	 0.902 	 1.242 	 25.000109
	 -3.475 	 0.923 	 1.245 	 25.000109
	 -3.472 	 0.944 	 1.248 	 25.000108
	 -3.469 	 0.965 	 1.251 	 25.000108
	 -3.466 	 0.985 	 1.254 	 25.000108
	 -3.463 	 1.006 	 1.257 	 25.000108
	 -3.460 	 1.027 	 1.260 	 25.000108
	 -3.457 	 1.048 	 1.263 	 25.000108
	 -3.454 	 1.068 	 1.266 	 25.000107
	 -3.451 	 1.089 	 1.269 	 25.000107
	 -3.447 	 1.110 	 1.272 	 25.000107
	 -3.444 	 1.131 	 1.275 	 25.000107
	 -3.441 	 1.151 	 1.278 	 25.000107
	 -3.437 	 1.172 	 1.281 	 25.000106
	 -3.434 	 1.192 	 1.284 	 25.000106
	 -3.430 	 1.213 	 1.287 	 25.000106
	 -3.426 	 1.234 	 1.290 	 25.000106
	 -3.423 	 1.254 	 1.293 	 25.000105
	 -3.419 	 1.275 	 1.296 	 25.000105
	 -3.415 	 1.295 	 1.299 	 25.000105
	 -3.411 	 1.316 	 1.302 	 25.000105
	 -3.407 	 1.336 	 1.305 	 25.000104
	 -3.403 	 1.357 	 1.308 	 25.000104
	 -3.399 	 1.377 	 1.311 	 25.000104
	 -3.395 	 1.397 	 1.314 	 25.000104
	 -3.390 	 1.418 	 1.317 	 25.000103
	 -3.386 	 1.438 	 1.320 	 25.000103
	 -3.382 	 1.458 	 1.323 	 25.000103
	 -3.377 	 1.479 	 1.326 	 25.000103
	 -3.373 	 1.499 	 1.329 	 25.000102
	 -3.368 	 1.519 	 1.332 	 25.000102
	 -3.364 	 1.539 	 1.335 	 25.000102
	 -3.359 	 1.559 	 1.338 	 25.000102
	 -3.354 	 1.580 	 1.341 	 25.000101
	 -3.350 	 1.600 	 1.344 	 25.000101
	 -3.345 	 1.620 	 1.347 	 25.000101
	 -3.340 	 1.640 	 1.350 	 25.000100
	 -3.335 	 1.660 	 1.353 	 25.000100
	 -3.330 	 1.680 	 1.356 	 25.000100
	 -3.325 	 1.700 	 1.359 	 25.000099
	 -3.320 	 1.720 	 1.362 	 25.000099
	 -3.315 	 1.740 	 1.365 	 25.000099
	 -3.309 	 1.760 	 1.368 	 25.000099
	 -3.304 	 1.779 	 1.371 	 25.000098
	 -3.299 	 1.799 	 1.374 	 25.000098
	 -3.293 	 1.819 	 1.377 	 25.000098
	 -3.288 	 1.839 	 1.380 	 25.000097
	 -3.282 	 1.858 	 1.383 	 25.000097
	 -3.277 	 1.878 	 1.386 	 25.000097
	 -3.271 	 1.898 	 1.389 	 25.000096
	 -3.265 	 1.917 	 1.392 	 25.000096
	 -3.259 	 1.937 	 1.395 	 25.000096
	 -3.254 	 1.956 	 1.398 	 25.000095
	 -3.248 	 1.976 	 1.401 	 25.000095
	 -3.242 	 1.995 	 1.404 	 25.000095
	 -3.236 	 2.015 	 1.407 	 25.000094
	 -3.230 	 2.034 	 1.410 	 25.000094
	 -3.224 	 2.054 	 1.413 	 25.000094
	 -3.217 	 2.073 	 1.416 	 25.000093
	 -3.211 	 2.092 	 1.419 	 25.000093
	 -3.205 	 2.111 	 1.422 	 25.000092
	 -3.198 	 2.131 	 1.425 	 25.000092
	 -3.192 	 2.150 	 1.428 	 25.000092
	 -3.186 	 2.169 	 1.431 	 25.000091
	 -3.179 	 2.188 	 1.434 	 25.000091
	 -3.172 	 2.207 	 1.437 	 25.000091
	 -3.166 	 2.226 	 1.440 	 25.000090
	 -3.159 	 2.245 	 1.443 	 25.000090
	 -3.152 	 2.264 	 1.446 	 25.000089
	 -3.145 	 2.283 	 1.449 	 25.000089
	 -3.139 	 2.302 	 1.452 	 25.000089
	 -3.132 	 2.321 	 1.455 	 25.000088
	 -3.125 	 2.339 	 1.458 	 25.000088
	 -3.118 	 2.358 	 1.461 	 25.000087
	 -3.111 	 2.377 	 1.464 	 25.000087
	 -3.103 	 2.395 	 1.467 	 25.000087
	 -3.096 	 2.414 	 1.470 	 25.000086
	 -3.089 	 2.433 	 1.473 	 25.000086
	 -3.082 	 2.451 	 1.476 	 25.000085
	 -3.074 	 2.470 	 1.479 	 25.000085
	 -3.067 	 2.488 	 1.482 	 25.000085
	 -3.059 	 2.506 	 1.485 	 25.000084
	 -3.052 	 2.525 	 1.488 	 25.000084
	 -3.044 	 2.543 	 1.491 	 25.000083
	 -3.036 	 2.561 	 1.494 	 25.000083
	 -3.029 	 2.579 	 1.497 	 25.000083
	 -3.021 	 2.598 	 1.500 	 25.000082
	 -3.013 	 2.616 	 1.503 	 25.000082
	 -3.005 	 2.634 	 1.506 	 25.000081
	 -2.997 	 2.652 	 1.509 	 25.000081
	 -2.989 	 2.670 	 1.512 	 25.000080
	 -2.981 	 2.688 	 1.515 	 25.000080
	 -2.973 	 2.705 	 1.518 	 25.000080
	 -2.965 	 2.723 	 1.521 	 25.000079
	 -2.957 	 2.741 	 1.524 	 25.000079
	 -2.949 	 2.759 	 1.527 	 25.000078
	 -2.940 	 2.776 	 1.530 	 25.000078
	 -2.932 	 2.794 	 1.533 	 25.000077
	 -2.924 	 2.812 	 1.536 	 25.000077
	 -2.915 	 2.829 	 1.539 	 25.000076
	 -2.907 	 2.847 	 1.542 	 25.000076
	 -2.898 	 2.864 	 1.545 	 25.000076
	 -2.889 	 2.881 	 1.548 	 25.000075
	 -2.881 	 2.899 	 1.551 	 25.000075
	 -2.872 	 2.916 	 1.554 	 25.000074
	 -2.863 	 2.933 	 1.557 	 25.000074
	 -2.854 	 2.950 	 1.560 	 25.000073
	 -2.846 	 2.967 	 1.563 	 25.000073
	 -2.837 	 2.984 	 1.566 	 25.000072
	 -2.828 	 3.001 	 1.569 	 25.000072
	 -2.819 	 3.018 	 1.572 	 25.000072
	 -2.810 	 3.035 	 1.575 	 25.000071
	 -2.800 	 3.052 	 1.578 	 25.000071
	 -2.791 	 3.069 	 1.581 	 25.000070
	 -2.782 	 3.086 	 1.584 	 25.000070
	 -2.773 	 3.102 	 1.587 	 25.000069
	 -2.763 	 3.119 	 1.590 	 25.000069
	 -2.754 	 3.135 	 1.593 	 25.000068
	 -2.745 	 3.152 	 1.596 	 25.000068
	 -2.735 	 3.168 	 1.599 	 25.000067
	 -2.726 	 3.185 	 1.602 	 25.000067
	 -2.716 	 3.201 	 1.605 	 25.000066
	 -2.706 	 3.217 	 1.608 	 25.000066
	 -2.697 	 3.234 	 1.611 	 25.000065
	 -2.687 	 3.250 	 1.614 	 25.000065
	 -2.677 	 3.266 	 1.617 	 25.000065
	 -2.667 	 3.282 	 1.620 	 25.000064
	 -2.658 	 3.298 	 1.623 	 25.000064
	 -2.648 	 3.314 	 1.626 	 25.000063
	 -2.638 	 3.330 	 1.629 	 25.000063
	 -2.628 	 3.345 	 1.632 	 25.000062
	 -2.618 	 3.361 	 1.635 	 25.000062
	 -2.607 	 3.377 	 1.638 	 25.000061
	 -2.597 	 3.392 	 1.641 	 25.000061
	 -2.587 	 3.408 	 1.644 	 25.000060
	 -2.577 	 3.423 	 1.647 	 25.000060
	 -2.567 	 3.439 	 1.650 	 25.000059
	 -2.556 	 3.454 	 1.653 	 25.000059
	 -2.546 	 3.470 	 1.656 	 25.000058
	 -2.535 	 3.485 	 1.659 	 25.000058
	 -2.525 	 3.500 	 1.662 	 25.000057
	 -2.514 	 3.515 	 1.665 	 25.000057
	 -2.504 	 3.530 	 1.668 	 25.000056
	 -2.493 	 3.545 	 1.671 	 25.000056
	 -2.483 	 3.560 	 1.674 	 25.000055
	 -2.472 	 3.575 	 1.677 	 25.000055
	 -2.461 	 3.590 	 1.680 	 25.000055
	 -2.450 	 3.604 	 1.683 	 25.000054
	 -2.439 	 3.619 	 1.686 	 25.000054
	 -2.429 	 3.634 	 1.689 	 25.000053
	 -2.418 	 3.648 	 1.692 	 25.000053
	 -2.407 	 3.663 	 1.695 	 25.000052
	 -2.396 	 3.677 	 1.698 	 25.000052
	 -2.385 	 3.691 	 1.701 	 25.000051
	 -2.374 	 3.706 	 1.704 	 25.000051
	 -2.362 	 3.720 	 1.707 	 25.000050
	 -2.351 	 3.734 	 1.710 	 25.000050
	 -2.340 	 3.748 	 1.713 	 25.000049
	 -2.329 	 3.762 	 1.716 	 25.000049
	 -2.317 	 3.776 	 1.719 	 25.000048
	 -2.306 	 3.790 	 1.722 	 25.000048
	 -2.295 	 3.804 	 1.725 	 25.000047
	 -2.283 	 3.818 	 1.728 	 25.000047
	 -2.272 	 3.831 	 1.731 	 25.000046
	 -2.260 	 3.845 	 1.734 	 25.000046
	 -2.249 	 3.858 	 1.737 	 25.000046
	 -2.237 	 3.872 	 1.740 	 25.000045
	 -2.225 	 3.885 	 1.743 	 25.000045
	 -2.214 	 3.898 	 1.746 	 25.000044
	 -2.202 	 3.912 	 1.749 	 25.000044
	 -2.190 	 3.925 	 1.752 	 25.000043
	 -2.179 	 3.938 	 1.755 	 25.000043
	 -2.167 	 3.951 	 1.758 	 25.000042
	 -2.155 	 3.964 	 1.761 	 25.000042
	 -2.143 	 3.977 	 1.764 	 25.000041
	 -2.131 	 3.990 	 1.767 	 25.000041
	 -2.119 	 4.002 	 1.770 	 25.000040
	 -2.107 	 4.015 	 1.773 	 25.000040
	 -2.095 	 4.028 	 1.776 	 25.000039
	 -2.083 	 4.040 	 1.779 	 25.000039
	 -2.071 	 4.053 	 1.782 	 25.000039
	 -2.058 	 4.065 	 1.785 	 25.000038
	 -2.046 	 4.077 	 1.788 	 25.000038
	 -2.034 	 4.090 	 1.791 	 25.000037
	 -2.022 	 4.102 	 1.794 	 25.000037
	 -2.009 	 4.114 	 1.797 	 25.000036
	 -1.997 	 4.126 	 1.800 	 25.000036
	 -1.985 	 4.138 	 1.803 	 25.000035
	 -1.972 	 4.150 	 1.806 	 25.000035
	 -1.960 	 4.162 	 1.809 	 25.000035
	 -1.947 	 4.173 	 1.812 	 25.000034
	 -1.935 	 4.185 	 1.815 	 25.000034
	 -1.922 	 4.197 	 1.818 	 25.000033
	 -1.910 	 4.208 	 1.821 	 25.000033
	 -1.897 	 4.219 	 1.824 	 25.000032
	 -1.884 	 4.231 	 1.827 	 25.000032
	 -1.872 	 4.242 	 1.830 	 25.000032
	 -1.859 	 4.253 	 1.833 	 25.000031
	 -1.846 	 4.264 	 1.836 	 25.000031
	 -1.833 	 4.275 	 1.839 	 25.000030
	 -1.820 	 4.286 	 1.842 	 25.000030
	 -1.807 	 4.297 	 1.845 	 25.000029
	 -1.795 	 4.308 	 1.848 	 25.000029
	 -1.782 	 4.319 	 1.851 	 25.000029
	 -1.769 	 4.329 	 1.854 	 25.000028
	 -1.756 	 4.340 	 1.857 	 25.000028
	 -1.743 	 4.350 	 1.860 	 25.000027
	 -1.730 	 4.361 	 1.863 	 25.000027
	 -1.716 	 4.371 	 1.866 	 25.000027
	 -1.703 	 4.382 	 1.869 	 25.000026
	 -1.690 	 4.392 	 1.872 	 25.000026
	 -1.677 	 4.402 	 1.875 	 25.000025
	 -1.664 	 4.412 	 1.878 	 25.000025
	 -1.650 	 4.422 	 1.881 	 25.000025
	 -1.637 	 4.432 	 1.884 	 25.000024
	 -1.624 	 4.441 	 1.887 	 25.000024
	 -1.611 	 4.451 	 1.890 	 25.000023
	 -1.597 	 4.461 	 1.893 	 25.000023
	 -1.584 	 4.470 	 1.896 	 25.000023
	 -1.570 	 4.480 	 1.899 	 25.000022
	 -1.557 	 4.489 	 1.902 	 25.000022
	 -1.543 	 4.498 	 1.905 	 25.000021
	 -1.530 	 4.508 	 1.908 	 25.000021
	 -1.516 	 4.517 	 1.911 	 25.000021
	 -1.503 	 4.526 	 1.914 	 25.000020
	 -1.489 	 4.535 	 1.917 	 25.000020
	 -1.476 	 4.544 	 1.920 	 25.000020
	 -1.462 	 4.553 	 1.923 	 25.000019
	 -1.448 	 4.561 	 1.926 	 25.000019
	 -1.435 	 4.570 	 1.929 	 25.000019
	 -1.421 	 4.578 	 1.932 	 25.000018
	 -1.407 	 4.587 	 1.935 	 25.000018
	 -1.393 	 4.595 	 1.938 	 25.000017
	 -1.380 	 4.604 	 1.941 	 25.000017
	 -1.366 	 4.612 	 1.944 	 25.000017
	 -1.352 	 4.620 	 1.947 	 25.000016
	 -1.338 	 4.628 	 1.950 	 25.000016
	 -1.324 	 4.636 	 1.953 	 25.000016
	 -1.310 	 4.644 	 1.956 	 25.000015
	 -1.296 	 4.652 	 1.959 	 25.000015
	 -1.282 	 4.660 	 1.962 	 25.000015
	 -1.268 	 4.667 	 1.965 	 25.000014
	 -1.254 	 4.675 	 1.968 	 25.000014
	 -1.240 	 4.682 	 1.971 	 25.000014
	 -1.226 	 4.690 	 1.974 	 25.000014
	 -1.212 	 4.697 	 1.977 	 25.000013
	 -1.198 	 4.704 	 1.980 	 25.000013
	 -1.184 	 4.711 	 1.983 	 25.000013
	 -1.170 	 4.718 	 1.986 	 25.000012
	 -1.156 	 4.725 	 1.989 	 25.000012
	 -1.141 	 4.732 	 1.992 	 25.000012
	 -1.127 	 4.739 	 1.995 	 25.000011
	 -1.113 	 4.746 	 1.998 	 25.000011
	 -1.099 	 4.752 	 2.001 	 25.000011
	 -1.084 	 4.759 	 2.004 	 25.000011
	 -1.070 	 4.765 	 2.007 	 25.000010
	 -1.056 	 4.772 	 2.010 	 25.000010
	 -1.042 	 4.778 	 2.013 	 25.000010
	 -1.027 	 4.784 	 2.016 	 25.000009
	 -1.013 	 4.790 	 2.019 	 25.000009
	 -0.998 	 4.796 	 2.022 	 25.000009
	 -0.984 	 4.802 	 2.025 	 25.000009
	 -0.970 	 4.808 	 2.028 	 25.000008
	 -0.955 	 4.814 	 2.031 	 25.000008
	 -0.941 	 4.820 	 2.034 	 25.000008
	 -0.926 	 4.825 	 2.037 	 25.000008
	 -0.912 	 4.831 	 2.040 	 25.000007
	 -0.897 	 4.836 	 2.043 	 25.000007
	 -0.883 	 4.842 	 2.046 	 25.000007
	 -0.868 	 4.847 	 2.049 	 25.000007
	 -0.854 	 4.852 	 2.052 	 25.000007
	 -0.839 	 4.857 	 2.055 	 25.000006
	 -0.825 	 4.862 	 2.058 	 25.000006
	 -0.810 	 4.867 	 2.061 	 25.000006
	 -0.795 	 4.872 	 2.064 	 25.000006
	 -0.781 	 4.877 	 2.067 	 25.000005
	 -0.766 	 4.881 	 2.070 	 25.000005
	 -0.751 	 4.886 	 2.073 	 25.000005
	 -0.737 	 4.890 	 2.076 	 25.000005
	 -0.722 	 4.895 	 2.079 	 25.000005
	 -0.707 	 4.899 	 2.082 	 25.000005
	 -0.693 	 4.903 	 2.085 	 25.000004
	 -0.678 	 4.907 	 2.088 	 25.000004
	 -0.663 	 4.911 	 2.091 	 25.000004
	 -0.649 	 4.915 	 2.094 	 25.000004
	 -0.634 	 4.919 	 2.097 	 25.000004
	 -0.619 	 4.923 	 2.100 	 25.000003
	 -0.604 	 4.926 	 2.103 	 25.000003
	 -0.589 	 4.930 	 2.106 	 25.000003
	 -0.575 	 4.934 	 2.109 	 25.000003
	 -0.560 	 4.937 	 2.112 	 25.000003
	 -0.545 	 4.940 	 2.115 	 25.000003
	 -0.530 	 4.943 	 2.118 	 25.000003
	 -0.515 	 4.947 	 2.121 	 25.000002
	 -0.501 	 4.950 	 2.124 	 25.000002
	 -0.486 	 4.953 	 2.127 	 25.000002
	 -0.471 	 4.955 	 2.130 	 25.000002
	 -0.456 	 4.958 	 2.133 	 25.000002
	 -0.441 	 4.961 	 2.136 	 25.000002
	 -0.426 	 4.964 	 2.139 	 25.000002
	 -0.411 	 4.966 	 2.142 	 25.000002
	 -0.396 	 4.968 	 2.145 	 25.000001
	 -0.381 	 4.971 	 2.148 	 25.000001
	 -0.367 	 4.973 	 2.151 	 25.000001
	 -0.352 	 4.975 	 2.154 	 25.000001
	 -0.337 	 4.977 	 2.157 	 25.000001
	 -0.322 	 4.979 	 2.160 	 25.000001
	 -0.307 	 4.981 	 2.163 	 25.000001
	 -0.292 	 4.983 	 2.166 	 25.000001
	 -0.277 	 4.985 	 2.169 	 25.000001
	 -0.262 	 4.986 	 2.172 	 25.000001
	 -0.247 	 4.988 	 2.175 	 25.000001
	 -0.232 	 4.989 	 2.178 	 25.000000
	 -0.217 	 4.991 	 2.181 	 25.000000
	 -0.202 	 4.992 	 2.184 	 25.000000
	 -0.187 	 4.993 	 2.187 	 25.000000
	 -0.172 	 4.994 	 2.190 	 25.000000
	 -0.157 	 4.995 	 2.193 	 25.000000
	 -0.142 	 4.996 	 2.196 	 25.000000
	 -0.127 	 4.997 	 2.199 	 25.000000
	 -0.112 	 4.997 	 2.202 	 25.000000
	 -0.097 	 4.998 	 2.205 	 25.000000
	 -0.082 	 4.999 	 2.208 	 25.000000
	 -0.067 	 4.999 	 2.211 	 25.000000
	 -0.052 	 4.999 	 2.214 	 25.000000
	 -0.037 	 5.000 	 2.217 	 25.000000
	 -0.022 	 5.000 	 2.220 	 25.000000
	 -0.007 	 5.000 	 2.223 	 25.000000
	 0.008 	 5.000 	 2.226 	 25.000000
	 0.023 	 5.000 	 2.229 	 25.000000
	 0.038 	 5.000 	 2.232 	 25.000000
	 0.053 	 4.999 	 2.235 	 25.000000
	 0.068 	 4.999 	 2.238 	 25.000000
	 0.083 	 4.999 	 2.241 	 25.000000
	 0.098 	 4.998 	 2.244 	 25.000000
	 0.113 	 4.997 	 2.247 	 25.000000
	 0.128 	 4.997 	 2.250 	 25.000000
	 0.143 	 4.996 	 2.253 	 25.000000
	 0.158 	 4.995 	 2.256 	 25.000000
	 0.173 	 4.994 	 2.259 	 25.000000
	 0.188 	 4.993 	 2.262 	 25.000000
	 0.203 	 4.992 	 2.265 	 25.000000
	 0.218 	 4.991 	 2.268 	 25.000000
	 0.233 	 4.989 	 2.271 	 25.000000
	 0.248 	 4.988 	 2.274 	 25.000001
	 0.263 	 4.986 	 2.277 	 25.000001
	 0.278 	 4.985 	 2.280 	 25.000001
	 0.292 	 4.983 	 2.283 	 25.000001
	 0.307 	 4.981 	 2.286 	 25.000001
	 0.322 	 4.979 	 2.289 	 25.000001
	 0.337 	 4.977 	 2.292 	 25.000001
	 0.352 	 4.975 	 2.295 	 25.000001
	 0.367 	 4.973 	 2.298 	 25.000001
	 0.382 	 4.971 	 2.301 	 25.000001
	 0.397 	 4.968 	 2.304 	 25.000001
	 0.412 	 4.966 	 2.307 	 25.000002
	 0.427 	 4.963 	 2.310 	 25.000002
	 0.442 	 4.961 	 2.313 	 25.000002
	 0.457 	 4.958 	 2.316 	 25.000002
	 0.471 	 4.955 	 2.319 	 25.000002
	 0.486 	 4.952 	 2.322 	 25.000002
	 0.501 	 4.950 	 2.325 	 25.000002
	 0.516 	 4.946 	 2.328 	 25.000002
	 0.531 	 4.943 	 2.331 	 25.000003
	 0.546 	 4.940 	 2.334 	 25.000003
	 0.560 	 4.937 	 2.337 	 25.000003
	 0.575 	 4.933 	 2.340 	 25.000003
	 0.590 	 4.930 	 2.343 	 25.000003
	 0.605 	 4.926 	 2.346 	 25.000003
	 0.620 	 4.923 	 2.349 	 25.000003
	 0.634 	 4.919 	 2.352 	 25.000004
	 0.649 	 4.915 	 2.355 	 25.000004
	 0.664 	 4.911 	 2.358 	 25.000004
	 0.679 	 4.907 	 2.361 	 25.000004
	 0.693 	 4.903 	 2.364 	 25.000004
	 0.708 	 4.899 	 2.367 	 25.000005
	 0.723 	 4.894 	 2.370 	 25.000005
	 0.737 	 4.890 	 2.373 	 25.000005
	 0.752 	 4.886 	 2.376 	 25.000005
	 0.767 	 4.881 	 2.379 	 25.000005
	 0.781 	 4.876 	 2.382 	 25.000005
	 0.796 	 4.872 	 2.385 	 25.000006
	 0.811 	 4.867 	 2.388 	 25.000006
	 0.825 	 4.862 	 2.391 	 25.000006
	 0.840 	 4.857 	 2.394 	 25.000006
	 0.854 	 4.852 	 2.397 	 25.000007
	 0.869 	 4.847 	 2.400 	 25.000007
	 0.883 	 4.841 	 2.403 	 25.000007
	 0.898 	 4.836 	 2.406 	 25.000007
	 0.912 	 4.831 	 2.409 	 25.000007
	 0.927 	 4.825 	 2.412 	 25.000008
	 0.941 	 4.820 	 2.415 	 25.000008
	 0.956 	 4.814 	 2.418 	 25.000008
	 0.970 	 4.808 	 2.421 	 25.000008
	 0.985 	 4.802 	 2.424 	 25.000009
	 0.999 	 4.796 	 2.427 	 25.000009
	 1.013 	 4.790 	 2.430 	 25.000009
	 1.028 	 4.784 	 2.433 	 25.000010
	 1.042 	 4.778 	 2.436 	 25.000010
	 1.056 	 4.772 	 2.439 	 25.000010
	 1.071 	 4.765 	 2.442 	 25.000010
	 1.085 	 4.759 	 2.445 	 25.000011
	 1.099 	 4.752 	 2.448 	 25.000011
	 1.114 	 4.746 	 2.451 	 25.000011
	 1.128 	 4.739 	 2.454 	 25.000011
	 1.142 	 4.732 	 2.457 	 25.000012
	 1.156 	 4.725 	 2.460 	 25.000012
	 1.170 	 4.718 	 2.463 	 25.000012
	 1.184 	 4.711 	 2.466 	 25.000013
	 1.199 	 4.704 	 2.469 	 25.000013
	 1.213 	 4.697 	 2.472 	 25.000013
	 1.227 	 4.689 	 2.475 	 25.000014
	 1.241 	 4.682 	 2.478 	 25.000014
	 1.255 	 4.674 	 2.481 	 25.000014
	 1.269 	 4.667 	 2.484 	 25.000014
	 1.283 	 4.659 	 2.487 	 25.000015
	 1.297 	 4.652 	 2.490 	 25.000015
	 1.311 	 4.644 	 2.493 	 25.000015
	 1.325 	 4.636 	 2.496 	 25.000016
	 1.339 	 4.628 	 2.499 	 25.000016
	 1.352 	 4.620 	 2.502 	 25.000016
	 1.366 	 4.612 	 2.505 	 25.000017
	 1.380 	 4.603 	 2.508 	 25.000017
	 1.394 	 4.595 	 2.511 	 25.000017
	 1.408 	 4.587 	 2.514 	 25.000018
	 1.421 	 4.578 	 2.517 	 25.000018
	 1.435 	 4.570 	 2.520 	 25.000019
	 1.449 	 4.561 	 2.523 	 25.000019
	 1.463 	 4.552 	 2.526 	 25.000019
	 1.476 	 4.543 	 2.529 	 25.000020
	 1.490 	 4.534 	 2.532 	 25.000020
	 1.503 	 4.525 	 2.535 	 25.000020
	 1.517 	 4.516 	 2.538 	 25.000021
	 1.530 	 4.507 	 2.541 	 25.000021
	 1.544 	 4.498 	 2.544 	 25.000021
	 1.557 	 4.489 	 2.547 	 25.000022
	 1.571 	 4.479 	 2.550 	 25.000022
	 1.584 	 4.470 	 2.553 	 25.000023
	 1.598 	 4.460 	 2.556 	 25.000023
	 1.611 	 4.451 	 2.559 	 25.000023
	 1.624 	 4.441 	 2.562 	 25.000024
	 1.638 	 4.431 	 2.565 	 25.000024
	 1.651 	 4.421 	 2.568 	 25.000025
	 1.664 	 4.411 	 2.571 	 25.000025
	 1.677 	 4.401 	 2.574 	 25.000025
	 1.691 	 4.391 	 2.577 	 25.000026
	 1.704 	 4.381 	 2.580 	 25.000026
	 1.717 	 4.371 	 2.583 	 25.000027
	 1.730 	 4.360 	 2.586 	 25.000027
	 1.743 	 4.350 	 2.589 	 25.000027
	 1.756 	 4.340 	 2.592 	 25.000028
	 1.769 	 4.329 	 2.595 	 25.000028
	 1.782 	 4.318 	 2.598 	 25.000029
	 1.795 	 4.308 	 2.601 	 25.000029
	 1.808 	 4.297 	 2.604 	 25.000029
	 1.821 	 4.286 	 2.607 	 25.000030
	 1.834 	 4.275 	 2.610 	 25.000030
	 1.846 	 4.264 	 2.613 	 25.000031
	 1.859 	 4.253 	 2.616 	 25.000031
	 1.872 	 4.242 	 2.619 	 25.000032
	 1.885 	 4.230 	 2.622 	 25.000032
	 1.897 	 4.219 	 2.625 	 25.000032
	 1.910 	 4.208 	 2.628 	 25.000033
	 1.923 	 4.196 	 2.631 	 25.000033
	 1.935 	 4.184 	 2.634 	 25.000034
	 1.948 	 4.173 	 2.637 	 25.000034
	 1.960 	 4.161 	 2.640 	 25.000035
	 1.973 	 4.149 	 2.643 	 25.000035
	 1.985 	 4.137 	 2.646 	 25.000035
	 1.998 	 4.125 	 2.649 	 25.000036
	 2.010 	 4.113 	 2.652 	 25.000036
	 2.022 	 4.101 	 2.655 	 25.000037
	 2.035 	 4.089 	 2.658 	 25.000037
	 2.047 	 4.077 	 2.661 	 25.000038
	 2.059 	 4.065 	 2.664 	 25.000038
	 2.071 	 4.052 	 2.667 	 25.000039
	 2.083 	 4.040 	 2.670 	 25.000039
	 2.095 	 4.027 	 2.673 	 25.000040
	 2.107 	 4.015 	 2.676 	 25.000040
	 2.119 	 4.002 	 2.679 	 25.000040
	 2.131 	 3.989 	 2.682 	 25.000041
	 2.143 	 3.976 	 2.685 	 25.000041
	 2.155 	 3.963 	 2.688 	 25.000042
	 2.167 	 3.951 	 2.691 	 25.000042
	 2.179 	 3.937 	 2.694 	 25.000043
	 2.191 	 3.924 	 2.697 	 25.000043
	 2.203 	 3.911 	 2.700 	 25.000044
	 2.214 	 3.898 	 2.703 	 25.000044
	 2.226 	 3.885 	 2.706 	 25.000045
	 2.238 	 3.871 	 2.709 	 25.000045
	 2.249 	 3.858 	 2.712 	 25.000046
	 2.261 	 3.844 	 2.715 	 25.000046
	 2.272 	 3.831 	 2.718 	 25.000046
	 2.284 	 3.817 	 2.721 	 25.000047
	 2.295 	 3.803 	 2.724 	 25.000047
	 2.307 	 3.789 	 2.727 	 25.000048
	 2.318 	 3.776 	 2.730 	 25.000048
	 2.329 	 3.762 	 2.733 	 25.000049
	 2.340 	 3.748 	 2.736 	 25.000049
	 2.352 	 3.734 	 2.739 	 25.000050
	 2.363 	 3.719 	 2.742 	 25.000050
	 2.374 	 3.705 	 2.745 	 25.000051
	 2.385 	 3.691 	 2.748 	 25.000051
	 2.396 	 3.677 	 2.751 	 25.000052
	 2.407 	 3.662 	 2.754 	 25.000052
	 2.418 	 3.648 	 2.757 	 25.000053
	 2.429 	 3.633 	 2.760 	 25.000053
	 2.440 	 3.619 	 2.763 	 25.000054
	 2.451 	 3.604 	 2.766 	 25.000054
	 2.462 	 3.589 	 2.769 	 25.000055
	 2.472 	 3.574 	 2.772 	 25.000055
	 2.483 	 3.559 	 2.775 	 25.000055
	 2.494 	 3.545 	 2.778 	 25.000056
	 2.504 	 3.530 	 2.781 	 25.000056
	 2.515 	 3.514 	 2.784 	 25.000057
	 2.525 	 3.499 	 2.787 	 25.000057
	 2.536 	 3.484 	 2.790 	 25.000058
	 2.546 	 3.469 	 2.793 	 25.000058
	 2.557 	 3.454 	 2.796 	 25.000059
	 2.567 	 3.438 	 2.799 	 25.000059
	 2.577 	 3.423 	 2.802 	 25.000060
	 2.587 	 3.407 	 2.805 	 25.000060
	 2.598 	 3.392 	 2.808 	 25.000061
	 2.608 	 3.376 	 2.811 	 25.000061
	 2.618 	 3.360 	 2.814 	 25.000062
	 2.628 	 3.345 	 2.817 	 25.000062
	 2.638 	 3.329 	 2.820 	 25.000063
	 2.648 	 3.313 	 2.823 	 25.000063
	 2.658 	 3.297 	 2.826 	 25.000064
	 2.668 	 3.281 	 2.829 	 25.000064
	 2.678 	 3.265 	 2.832 	 25.000065
	 2.687 	 3.249 	 2.835 	 25.000065
	 2.697 	 3.233 	 2.838 	 25.000065
	 2.707 	 3.217 	 2.841 	 25.000066
	 2.716 	 3.200 	 2.844 	 25.000066
	 2.726 	 3.184 	 2.847 	 25.000067
	 2.735 	 3.168 	 2.850 	 25.000067
	 2.745 	 3.151 	 2.853 	 25.000068
	 2.754 	 3.135 	 2.856 	 25.000068
	 2.764 	 3.118 	 2.859 	 25.000069
	 2.773 	 3.102 	 2.862 	 25.000069
	 2.782 	 3.085 	 2.865 	 25.000070
	 2.792 	 3.068 	 2.868 	 25.000070
	 2.801 	 3.051 	 2.871 	 25.000071
	 2.810 	 3.035 	 2.874 	 25.000071
	 2.819 	 3.018 	 2.877 	 25.000072
	 2.828 	 3.001 	 2.880 	 25.000072
	 2.837 	 2.984 	 2.883 	 25.000072
	 2.846 	 2.967 	 2.886 	 25.000073
	 2.855 	 2.950 	 2.889 	 25.000073
	 2.864 	 2.932 	 2.892 	 25.000074
	 2.872 	 2.915 	 2.895 	 25.000074
	 2.881 	 2.898 	 2.898 	 25.000075
	 2.890 	 2.881 	 2.901 	 25.000075
	 2.898 	 2.863 	 2.904 	 25.000076
	 2.907 	 2.846 	 2.907 	 25.000076
	 2.915 	 2.828 	 2.910 	 25.000077
	 2.924 	 2.811 	 2.913 	 25.000077
	 2.932 	 2.793 	 2.916 	 25.000077
	 2.941 	 2.776 	 2.919 	 25.000078
	 2.949 	 2.758 	 2.922 	 25.000078
	 2.957 	 2.740 	 2.925 	 25.000079
	 2.965 	 2.723 	 2.928 	 25.000079
	 2.974 	 2.705 	 2.931 	 25.000080
	 2.982 	 2.687 	 2.934 	 25.000080
	 2.990 	 2.669 	 2.937 	 25.000080
	 2.998 	 2.651 	 2.940 	 25.000081
	 3.006 	 2.633 	 2.943 	 25.000081
	 3.013 	 2.615 	 2.946 	 25.000082
	 3.021 	 2.597 	 2.949 	 25.000082
	 3.029 	 2.579 	 2.952 	 25.000083
	 3.037 	 2.560 	 2.955 	 25.000083
	 3.044 	 2.542 	 2.958 	 25.000083
	 3.052 	 2.524 	 2.961 	 25.000084
	 3.060 	 2.506 	 2.964 	 25.000084
	 3.067 	 2.487 	 2.967 	 25.000085
	 3.074 	 2.469 	 2.970 	 25.000085
	 3.082 	 2.450 	 2.973 	 25.000085
	 3.089 	 2.432 	 2.976 	 25.000086
	 3.096 	 2.413 	 2.979 	 25.000086
	 3.104 	 2.395 	 2.982 	 25.000087
	 3.111 	 2.376 	 2.985 	 25.000087
	 3.118 	 2.357 	 2.988 	 25.000087
	 3.125 	 2.339 	 2.991 	 25.000088
	 3.132 	 2.320 	 2.994 	 25.000088
	 3.139 	 2.301 	 2.997 	 25.000089
	 3.146 	 2.282 	 3.000 	 25.000089
