	 0.04 	 5.00 	 0.00 	 25.00
	 0.04 	 -5.00 	 0.02 	 25.016976
	 -0.06 	 -5.00 	 0.04 	 25.016978
	 -0.16 	 -5.00 	 0.06 	 25.016987
	 -0.26 	 -4.99 	 0.08 	 25.017004
	 -0.36 	 -4.98 	 0.10 	 25.017029
	 -0.46 	 -4.96 	 0.12 	 25.017062
	 -0.56 	 -4.94 	 0.14 	 25.017102
	 -0.66 	 -4.91 	 0.16 	 25.017150
	 -0.76 	 -4.89 	 0.18 	 25.017206
	 -0.86 	 -4.85 	 0.20 	 25.017269
	 -0.95 	 -4.82 	 0.22 	 25.017339
	 -1.05 	 -4.78 	 0.24 	 25.017416
	 -1.14 	 -4.73 	 0.26 	 25.017499
	 -1.24 	 -4.69 	 0.28 	 25.017589
	 -1.33 	 -4.63 	 0.30 	 25.017685
	 -1.42 	 -4.58 	 0.32 	 25.017786
	 -1.51 	 -4.52 	 0.34 	 25.017893
	 -1.60 	 -4.46 	 0.36 	 25.018005
	 -1.69 	 -4.39 	 0.38 	 25.018122
	 -1.78 	 -4.32 	 0.40 	 25.018243
	 -1.87 	 -4.25 	 0.42 	 25.018368
	 -1.95 	 -4.17 	 0.44 	 25.018496
	 -2.03 	 -4.09 	 0.46 	 25.018628
	 -2.11 	 -4.01 	 0.48 	 25.018763
	 -2.19 	 -3.92 	 0.50 	 25.018899
	 -2.27 	 -3.84 	 0.52 	 25.019038
	 -2.35 	 -3.74 	 0.54 	 25.019178
	 -2.42 	 -3.65 	 0.56 	 25.019319
	 -2.49 	 -3.55 	 0.58 	 25.019460
	 -2.56 	 -3.45 	 0.60 	 25.019602
	 -2.63 	 -3.34 	 0.62 	 25.019743
	 -2.70 	 -3.24 	 0.64 	 25.019883
	 -2.76 	 -3.13 	 0.66 	 25.020022
	 -2.82 	 -3.02 	 0.68 	 25.020159
	 -2.88 	 -2.90 	 0.70 	 25.020294
	 -2.94 	 -2.79 	 0.72 	 25.020427
	 -2.99 	 -2.67 	 0.74 	 25.020556
	 -3.04 	 -2.55 	 0.76 	 25.020682
	 -3.09 	 -2.42 	 0.78 	 25.020804
	 -3.14 	 -2.30 	 0.80 	 25.020922
	 -3.19 	 -2.17 	 0.82 	 25.021035
	 -3.23 	 -2.05 	 0.84 	 25.021143
	 -3.27 	 -1.92 	 0.86 	 25.021246
	 -3.30 	 -1.78 	 0.88 	 25.021344
	 -3.34 	 -1.65 	 0.90 	 25.021435
	 -3.37 	 -1.52 	 0.92 	 25.021520
	 -3.40 	 -1.38 	 0.94 	 25.021598
	 -3.43 	 -1.24 	 0.96 	 25.021670
	 -3.45 	 -1.11 	 0.98 	 25.021735
	 -3.47 	 -0.97 	 1.00 	 25.021792
	 -3.49 	 -0.83 	 1.02 	 25.021842
	 -3.50 	 -0.69 	 1.04 	 25.021885
	 -3.52 	 -0.55 	 1.06 	 25.021920
	 -3.53 	 -0.41 	 1.08 	 25.021947
	 -3.53 	 -0.27 	 1.10 	 25.021966
	 -3.54 	 -0.13 	 1.12 	 25.021977
	 -3.54 	 0.02 	 1.14 	 25.021980
	 -3.54 	 0.16 	 1.16 	 25.021975
	 -3.53 	 0.30 	 1.18 	 25.021963
	 -3.52 	 0.44 	 1.20 	 25.021942
	 -3.51 	 0.58 	 1.22 	 25.021913
	 -3.50 	 0.72 	 1.24 	 25.021877
	 -3.48 	 0.86 	 1.26 	 25.021832
	 -3.47 	 1.00 	 1.28 	 25.021781
	 -3.44 	 1.14 	 1.30 	 25.021722
	 -3.42 	 1.27 	 1.32 	 25.021656
	 -3.39 	 1.41 	 1.34 	 25.021582
	 -3.36 	 1.55 	 1.36 	 25.021502
	 -3.33 	 1.68 	 1.38 	 25.021416
	 -3.30 	 1.81 	 1.40 	 25.021323
	 -3.26 	 1.94 	 1.42 	 25.021225
	 -3.22 	 2.07 	 1.44 	 25.021121
	 -3.18 	 2.20 	 1.46 	 25.021012
	 -3.13 	 2.33 	 1.48 	 25.020897
	 -3.08 	 2.45 	 1.50 	 25.020779
	 -3.03 	 2.57 	 1.52 	 25.020656
	 -2.98 	 2.69 	 1.54 	 25.020529
	 -2.93 	 2.81 	 1.56 	 25.020399
	 -2.87 	 2.93 	 1.58 	 25.020266
	 -2.81 	 3.04 	 1.60 	 25.020130
	 -2.75 	 3.15 	 1.62 	 25.019993
	 -2.68 	 3.26 	 1.64 	 25.019853
	 -2.62 	 3.37 	 1.66 	 25.019713
	 -2.55 	 3.47 	 1.68 	 25.019572
	 -2.48 	 3.57 	 1.70 	 25.019430
	 -2.40 	 3.67 	 1.72 	 25.019289
	 -2.33 	 3.76 	 1.74 	 25.019148
	 -2.25 	 3.85 	 1.76 	 25.019008
	 -2.18 	 3.94 	 1.78 	 25.018870
	 -2.10 	 4.03 	 1.80 	 25.018734
	 -2.01 	 4.11 	 1.82 	 25.018600
	 -1.93 	 4.19 	 1.84 	 25.018469
	 -1.85 	 4.27 	 1.86 	 25.018341
	 -1.76 	 4.34 	 1.88 	 25.018217
	 -1.67 	 4.41 	 1.90 	 25.018097
	 -1.59 	 4.47 	 1.92 	 25.017981
	 -1.49 	 4.53 	 1.94 	 25.017870
	 -1.40 	 4.59 	 1.96 	 25.017764
	 -1.31 	 4.65 	 1.98 	 25.017664
	 -1.22 	 4.70 	 2.00 	 25.017569
	 -1.12 	 4.74 	 2.02 	 25.017481
	 -1.03 	 4.79 	 2.04 	 25.017399
	 -0.93 	 4.82 	 2.06 	 25.017323
	 -0.84 	 4.86 	 2.08 	 25.017255
	 -0.74 	 4.89 	 2.10 	 25.017194
	 -0.64 	 4.92 	 2.12 	 25.017139
	 -0.54 	 4.94 	 2.14 	 25.017093
	 -0.44 	 4.96 	 2.16 	 25.017054
	 -0.34 	 4.98 	 2.18 	 25.017023
	 -0.24 	 4.99 	 2.20 	 25.016999
	 -0.14 	 5.00 	 2.22 	 25.016984
	 -0.04 	 5.00 	 2.24 	 25.016977
	 0.06 	 5.00 	 2.26 	 25.016977
	 0.16 	 5.00 	 2.28 	 25.016986
	 0.26 	 4.99 	 2.30 	 25.017002
	 0.36 	 4.98 	 2.32 	 25.017027
	 0.46 	 4.96 	 2.34 	 25.017059
	 0.56 	 4.94 	 2.36 	 25.017099
	 0.65 	 4.92 	 2.38 	 25.017147
	 0.75 	 4.89 	 2.40 	 25.017202
	 0.85 	 4.86 	 2.42 	 25.017264
	 0.95 	 4.82 	 2.44 	 25.017334
	 1.04 	 4.78 	 2.46 	 25.017410
	 1.14 	 4.74 	 2.48 	 25.017493
	 1.23 	 4.69 	 2.50 	 25.017582
	 1.32 	 4.64 	 2.52 	 25.017678
	 1.42 	 4.58 	 2.54 	 25.017779
	 1.51 	 4.52 	 2.56 	 25.017886
	 1.60 	 4.46 	 2.58 	 25.017997
	 1.69 	 4.40 	 2.60 	 25.018114
	 1.77 	 4.33 	 2.62 	 25.018234
	 1.86 	 4.25 	 2.64 	 25.018359
	 1.94 	 4.18 	 2.66 	 25.018488
	 2.03 	 4.10 	 2.68 	 25.018619
	 2.11 	 4.02 	 2.70 	 25.018753
	 2.19 	 3.93 	 2.72 	 25.018890
	 2.27 	 3.84 	 2.74 	 25.019028
	 2.34 	 3.75 	 2.76 	 25.019168
	 2.42 	 3.65 	 2.78 	 25.019309
	 2.49 	 3.56 	 2.80 	 25.019450
	 2.56 	 3.46 	 2.82 	 25.019592
	 2.63 	 3.35 	 2.84 	 25.019733
	 2.69 	 3.25 	 2.86 	 25.019873
	 2.76 	 3.14 	 2.88 	 25.020013
	 2.82 	 3.02 	 2.90 	 25.020150
	 2.88 	 2.91 	 2.92 	 25.020285
	 2.93 	 2.79 	 2.94 	 25.020418
	 2.99 	 2.68 	 2.96 	 25.020547
	 3.04 	 2.56 	 2.98 	 25.020674
	 3.09 	 2.43 	 3.00 	 25.020796
	 3.14 	 2.31 	 3.02 	 25.020914
	 3.18 	 2.18 	 3.04 	 25.021028
	 3.23 	 2.05 	 3.06 	 25.021136
	 3.26 	 1.92 	 3.08 	 25.021240
	 3.30 	 1.79 	 3.10 	 25.021337
	 3.34 	 1.66 	 3.12 	 25.021429
	 3.37 	 1.53 	 3.14 	 25.021514
	 3.40 	 1.39 	 3.16 	 25.021593
	 3.42 	 1.25 	 3.18 	 25.021666
	 3.45 	 1.12 	 3.20 	 25.021731
	 3.47 	 0.98 	 3.22 	 25.021789
	 3.49 	 0.84 	 3.24 	 25.021839
	 3.50 	 0.70 	 3.26 	 25.021882
	 3.51 	 0.56 	 3.28 	 25.021918
	 3.52 	 0.42 	 3.30 	 25.021945
	 3.53 	 0.28 	 3.32 	 25.021965
	 3.54 	 0.14 	 3.34 	 25.021977
	 3.54 	 -0.01 	 3.36 	 25.021980
	 3.54 	 -0.15 	 3.38 	 25.021976
	 3.53 	 -0.29 	 3.40 	 25.021964
	 3.52 	 -0.43 	 3.42 	 25.021943
	 3.51 	 -0.57 	 3.44 	 25.021915
	 3.50 	 -0.71 	 3.46 	 25.021879
	 3.49 	 -0.85 	 3.48 	 25.021836
	 3.47 	 -0.99 	 3.50 	 25.021785
	 3.45 	 -1.13 	 3.52 	 25.021726
	 3.42 	 -1.26 	 3.54 	 25.021660
	 3.40 	 -1.40 	 3.56 	 25.021588
	 3.37 	 -1.54 	 3.58 	 25.021508
	 3.33 	 -1.67 	 3.60 	 25.021422
	 3.30 	 -1.80 	 3.62 	 25.021330
	 3.26 	 -1.93 	 3.64 	 25.021232
	 3.22 	 -2.06 	 3.66 	 25.021128
	 3.18 	 -2.19 	 3.68 	 25.021019
	 3.13 	 -2.32 	 3.70 	 25.020905
	 3.09 	 -2.44 	 3.72 	 25.020787
	 3.04 	 -2.57 	 3.74 	 25.020664
	 2.98 	 -2.69 	 3.76 	 25.020538
	 2.93 	 -2.80 	 3.78 	 25.020408
	 2.87 	 -2.92 	 3.80 	 25.020275
	 2.81 	 -3.03 	 3.82 	 25.020140
	 2.75 	 -3.14 	 3.84 	 25.020002
	 2.69 	 -3.25 	 3.86 	 25.019863
	 2.62 	 -3.36 	 3.88 	 25.019722
	 2.55 	 -3.46 	 3.90 	 25.019581
	 2.48 	 -3.56 	 3.92 	 25.019440
	 2.41 	 -3.66 	 3.94 	 25.019298
	 2.34 	 -3.76 	 3.96 	 25.019158
	 2.26 	 -3.85 	 3.98 	 25.019018
	 2.18 	 -3.94 	 4.00 	 25.018879
	 2.10 	 -4.02 	 4.02 	 25.018743
	 2.02 	 -4.11 	 4.04 	 25.018609
	 1.94 	 -4.18 	 4.06 	 25.018478
	 1.85 	 -4.26 	 4.08 	 25.018350
	 1.77 	 -4.33 	 4.10 	 25.018225
	 1.68 	 -4.40 	 4.12 	 25.018105
	 1.59 	 -4.47 	 4.14 	 25.017989
	 1.50 	 -4.53 	 4.16 	 25.017877
	 1.41 	 -4.59 	 4.18 	 25.017771
	 1.32 	 -4.64 	 4.20 	 25.017670
	 1.22 	 -4.69 	 4.22 	 25.017575
	 1.13 	 -4.74 	 4.24 	 25.017487
	 1.03 	 -4.78 	 4.26 	 25.017404
	 0.94 	 -4.82 	 4.28 	 25.017328
	 0.84 	 -4.86 	 4.30 	 25.017259
	 0.74 	 -4.89 	 4.32 	 25.017198
	 0.65 	 -4.92 	 4.34 	 25.017143
	 0.55 	 -4.94 	 4.36 	 25.017096
	 0.45 	 -4.96 	 4.38 	 25.017056
	 0.35 	 -4.98 	 4.40 	 25.017025
	 0.25 	 -4.99 	 4.42 	 25.017001
	 0.15 	 -5.00 	 4.44 	 25.016985
	 0.05 	 -5.00 	 4.46 	 25.016977
	 -0.05 	 -5.00 	 4.48 	 25.016977
	 -0.15 	 -5.00 	 4.50 	 25.016985
	 -0.25 	 -4.99 	 4.52 	 25.017001
	 -0.35 	 -4.98 	 4.54 	 25.017025
	 -0.45 	 -4.96 	 4.56 	 25.017057
	 -0.55 	 -4.94 	 4.58 	 25.017096
	 -0.65 	 -4.92 	 4.60 	 25.017143
	 -0.75 	 -4.89 	 4.62 	 25.017198
	 -0.84 	 -4.86 	 4.64 	 25.017260
	 -0.94 	 -4.82 	 4.66 	 25.017329
	 -1.04 	 -4.78 	 4.68 	 25.017405
	 -1.13 	 -4.74 	 4.70 	 25.017487
	 -1.23 	 -4.69 	 4.72 	 25.017576
	 -1.32 	 -4.64 	 4.74 	 25.017671
	 -1.41 	 -4.59 	 4.76 	 25.017772
	 -1.50 	 -4.53 	 4.78 	 25.017878
	 -1.59 	 -4.47 	 4.80 	 25.017989
	 -1.68 	 -4.40 	 4.82 	 25.018106
	 -1.77 	 -4.33 	 4.84 	 25.018226
	 -1.85 	 -4.26 	 4.86 	 25.018351
	 -1.94 	 -4.18 	 4.88 	 25.018479
	 -2.02 	 -4.10 	 4.90 	 25.018610
	 -2.10 	 -4.02 	 4.92 	 25.018744
	 -2.18 	 -3.94 	 4.94 	 25.018880
	 -2.26 	 -3.85 	 4.96 	 25.019019
	 -2.34 	 -3.76 	 4.98 	 25.019159
	 -2.41 	 -3.66 	 5.00 	 25.019299
	 -2.48 	 -3.56 	 5.02 	 25.019441
	 -2.55 	 -3.46 	 5.04 	 25.019582
	 -2.62 	 -3.36 	 5.06 	 25.019724
	 -2.69 	 -3.25 	 5.08 	 25.019864
	 -2.75 	 -3.14 	 5.10 	 25.020003
	 -2.81 	 -3.03 	 5.12 	 25.020141
	 -2.87 	 -2.92 	 5.14 	 25.020276
	 -2.93 	 -2.80 	 5.16 	 25.020409
	 -2.98 	 -2.68 	 5.18 	 25.020539
	 -3.04 	 -2.56 	 5.20 	 25.020665
	 -3.09 	 -2.44 	 5.22 	 25.020788
	 -3.13 	 -2.32 	 5.24 	 25.020906
	 -3.18 	 -2.19 	 5.26 	 25.021020
	 -3.22 	 -2.06 	 5.28 	 25.021129
	 -3.26 	 -1.93 	 5.30 	 25.021233
	 -3.30 	 -1.80 	 5.32 	 25.021331
	 -3.33 	 -1.67 	 5.34 	 25.021423
	 -3.37 	 -1.54 	 5.36 	 25.021509
	 -3.40 	 -1.40 	 5.38 	 25.021588
	 -3.42 	 -1.26 	 5.40 	 25.021661
	 -3.45 	 -1.13 	 5.42 	 25.021726
	 -3.47 	 -0.99 	 5.44 	 25.021785
	 -3.49 	 -0.85 	 5.46 	 25.021836
	 -3.50 	 -0.71 	 5.48 	 25.021880
	 -3.51 	 -0.57 	 5.50 	 25.021916
	 -3.52 	 -0.43 	 5.52 	 25.021944
	 -3.53 	 -0.29 	 5.54 	 25.021964
	 -3.54 	 -0.15 	 5.56 	 25.021976
	 -3.54 	 -0.00 	 5.58 	 25.021980
	 -3.54 	 0.14 	 5.60 	 25.021977
	 -3.53 	 0.28 	 5.62 	 25.021965
	 -3.52 	 0.42 	 5.64 	 25.021945
	 -3.51 	 0.56 	 5.66 	 25.021917
	 -3.50 	 0.70 	 5.68 	 25.021882
	 -3.49 	 0.84 	 5.70 	 25.021839
	 -3.47 	 0.98 	 5.72 	 25.021788
	 -3.45 	 1.12 	 5.74 	 25.021730
	 -3.42 	 1.26 	 5.76 	 25.021665
	 -3.40 	 1.39 	 5.78 	 25.021593
	 -3.37 	 1.53 	 5.80 	 25.021514
	 -3.34 	 1.66 	 5.82 	 25.021428
	 -3.30 	 1.79 	 5.84 	 25.021336
	 -3.26 	 1.93 	 5.86 	 25.021239
	 -3.22 	 2.06 	 5.88 	 25.021135
	 -3.18 	 2.18 	 5.90 	 25.021027
	 -3.14 	 2.31 	 5.92 	 25.020913
	 -3.09 	 2.43 	 5.94 	 25.020795
	 -3.04 	 2.56 	 5.96 	 25.020673
	 -2.99 	 2.68 	 5.98 	 25.020546
	 -2.93 	 2.80 	 6.00 	 25.020417
	 -2.88 	 2.91 	 6.02 	 25.020284
	 -2.82 	 3.03 	 6.04 	 25.020149
	 -2.75 	 3.14 	 6.06 	 25.020012
	 -2.69 	 3.25 	 6.08 	 25.019872
	 -2.62 	 3.35 	 6.10 	 25.019732
	 -2.56 	 3.46 	 6.12 	 25.019591
	 -2.49 	 3.56 	 6.14 	 25.019449
	 -2.41 	 3.65 	 6.16 	 25.019308
	 -2.34 	 3.75 	 6.18 	 25.019167
	 -2.26 	 3.84 	 6.20 	 25.019027
	 -2.19 	 3.93 	 6.22 	 25.018889
	 -2.11 	 4.02 	 6.24 	 25.018752
	 -2.03 	 4.10 	 6.26 	 25.018618
	 -1.94 	 4.18 	 6.28 	 25.018487
	 -1.86 	 4.26 	 6.30 	 25.018358
	 -1.77 	 4.33 	 6.32 	 25.018234
	 -1.69 	 4.40 	 6.34 	 25.018113
	 -1.60 	 4.46 	 6.36 	 25.017996
	 -1.51 	 4.52 	 6.38 	 25.017885
	 -1.42 	 4.58 	 6.40 	 25.017778
	 -1.32 	 4.64 	 6.42 	 25.017677
	 -1.23 	 4.69 	 6.44 	 25.017582
	 -1.14 	 4.74 	 6.46 	 25.017493
	 -1.04 	 4.78 	 6.48 	 25.017410
	 -0.95 	 4.82 	 6.50 	 25.017333
	 -0.85 	 4.86 	 6.52 	 25.017264
	 -0.75 	 4.89 	 6.54 	 25.017202
	 -0.65 	 4.92 	 6.56 	 25.017146
	 -0.55 	 4.94 	 6.58 	 25.017099
	 -0.46 	 4.96 	 6.60 	 25.017059
	 -0.36 	 4.98 	 6.62 	 25.017027
	 -0.26 	 4.99 	 6.64 	 25.017002
	 -0.16 	 5.00 	 6.66 	 25.016986
	 -0.06 	 5.00 	 6.68 	 25.016977
	 0.04 	 5.00 	 6.70 	 25.016977
	 0.14 	 5.00 	 6.72 	 25.016984
	 0.24 	 4.99 	 6.74 	 25.017000
	 0.34 	 4.98 	 6.76 	 25.017023
	 0.44 	 4.96 	 6.78 	 25.017054
	 0.54 	 4.94 	 6.80 	 25.017093
	 0.64 	 4.92 	 6.82 	 25.017140
	 0.74 	 4.89 	 6.84 	 25.017194
	 0.84 	 4.86 	 6.86 	 25.017255
	 0.93 	 4.82 	 6.88 	 25.017324
	 1.03 	 4.79 	 6.90 	 25.017399
	 1.12 	 4.74 	 6.92 	 25.017481
	 1.22 	 4.70 	 6.94 	 25.017570
	 1.31 	 4.64 	 6.96 	 25.017664
	 1.40 	 4.59 	 6.98 	 25.017765
	 1.50 	 4.53 	 7.00 	 25.017871
	 1.59 	 4.47 	 7.02 	 25.017982
	 1.67 	 4.41 	 7.04 	 25.018097
	 1.76 	 4.34 	 7.06 	 25.018218
	 1.85 	 4.26 	 7.08 	 25.018342
	 1.93 	 4.19 	 7.10 	 25.018470
	 2.02 	 4.11 	 7.12 	 25.018601
	 2.10 	 4.03 	 7.14 	 25.018735
	 2.18 	 3.94 	 7.16 	 25.018871
	 2.25 	 3.85 	 7.18 	 25.019009
	 2.33 	 3.76 	 7.20 	 25.019149
	 2.41 	 3.67 	 7.22 	 25.019290
	 2.48 	 3.57 	 7.24 	 25.019431
	 2.55 	 3.47 	 7.26 	 25.019573
	 2.62 	 3.37 	 7.28 	 25.019714
	 2.68 	 3.26 	 7.30 	 25.019854
	 2.75 	 3.15 	 7.32 	 25.019994
	 2.81 	 3.04 	 7.34 	 25.020131
	 2.87 	 2.93 	 7.36 	 25.020267
	 2.93 	 2.81 	 7.38 	 25.020400
	 2.98 	 2.69 	 7.40 	 25.020530
	 3.03 	 2.57 	 7.42 	 25.020656
	 3.08 	 2.45 	 7.44 	 25.020779
	 3.13 	 2.33 	 7.46 	 25.020898
	 3.18 	 2.20 	 7.48 	 25.021012
	 3.22 	 2.07 	 7.50 	 25.021122
	 3.26 	 1.94 	 7.52 	 25.021226
	 3.30 	 1.81 	 7.54 	 25.021324
	 3.33 	 1.68 	 7.56 	 25.021417
	 3.36 	 1.54 	 7.58 	 25.021503
	 3.39 	 1.41 	 7.60 	 25.021583
	 3.42 	 1.27 	 7.62 	 25.021656
	 3.44 	 1.14 	 7.64 	 25.021722
	 3.47 	 1.00 	 7.66 	 25.021781
	 3.48 	 0.86 	 7.68 	 25.021833
	 3.50 	 0.72 	 7.70 	 25.021877
	 3.51 	 0.58 	 7.72 	 25.021913
	 3.52 	 0.44 	 7.74 	 25.021942
	 3.53 	 0.30 	 7.76 	 25.021963
	 3.54 	 0.16 	 7.78 	 25.021975
	 3.54 	 0.01 	 7.80 	 25.021980
	 3.54 	 -0.13 	 7.82 	 25.021977
	 3.53 	 -0.27 	 7.84 	 25.021966
	 3.53 	 -0.41 	 7.86 	 25.021947
	 3.52 	 -0.55 	 7.88 	 25.021920
	 3.50 	 -0.69 	 7.90 	 25.021885
	 3.49 	 -0.83 	 7.92 	 25.021842
	 3.47 	 -0.97 	 7.94 	 25.021792
	 3.45 	 -1.11 	 7.96 	 25.021734
	 3.43 	 -1.25 	 7.98 	 25.021670
	 3.40 	 -1.38 	 8.00 	 25.021598
	 3.37 	 -1.52 	 8.02 	 25.021519
	 3.34 	 -1.65 	 8.04 	 25.021434
	 3.30 	 -1.78 	 8.06 	 25.021343
	 3.27 	 -1.92 	 8.08 	 25.021246
	 3.23 	 -2.05 	 8.10 	 25.021143
	 3.19 	 -2.17 	 8.12 	 25.021034
	 3.14 	 -2.30 	 8.14 	 25.020921
	 3.09 	 -2.43 	 8.16 	 25.020803
	 3.04 	 -2.55 	 8.18 	 25.020681
	 2.99 	 -2.67 	 8.20 	 25.020555
	 2.94 	 -2.79 	 8.22 	 25.020426
	 2.88 	 -2.90 	 8.24 	 25.020293
	 2.82 	 -3.02 	 8.26 	 25.020158
	 2.76 	 -3.13 	 8.28 	 25.020021
	 2.70 	 -3.24 	 8.30 	 25.019882
	 2.63 	 -3.35 	 8.32 	 25.019742
	 2.56 	 -3.45 	 8.34 	 25.019601
	 2.49 	 -3.55 	 8.36 	 25.019459
	 2.42 	 -3.65 	 8.38 	 25.019318
	 2.35 	 -3.74 	 8.40 	 25.019177
	 2.27 	 -3.84 	 8.42 	 25.019037
	 2.19 	 -3.93 	 8.44 	 25.018898
	 2.11 	 -4.01 	 8.46 	 25.018762
	 2.03 	 -4.09 	 8.48 	 25.018627
	 1.95 	 -4.17 	 8.50 	 25.018495
	 1.86 	 -4.25 	 8.52 	 25.018367
	 1.78 	 -4.32 	 8.54 	 25.018242
	 1.69 	 -4.39 	 8.56 	 25.018121
	 1.60 	 -4.46 	 8.58 	 25.018004
	 1.51 	 -4.52 	 8.60 	 25.017892
	 1.42 	 -4.58 	 8.62 	 25.017785
	 1.33 	 -4.63 	 8.64 	 25.017684
	 1.24 	 -4.69 	 8.66 	 25.017588
	 1.14 	 -4.73 	 8.68 	 25.017498
	 1.05 	 -4.78 	 8.70 	 25.017415
	 0.95 	 -4.82 	 8.72 	 25.017338
	 0.86 	 -4.85 	 8.74 	 25.017268
	 0.76 	 -4.89 	 8.76 	 25.017206
	 0.66 	 -4.91 	 8.78 	 25.017150
	 0.56 	 -4.94 	 8.80 	 25.017102
	 0.46 	 -4.96 	 8.82 	 25.017061
	 0.36 	 -4.98 	 8.84 	 25.017029
	 0.26 	 -4.99 	 8.86 	 25.017004
	 0.16 	 -5.00 	 8.88 	 25.016987
	 0.06 	 -5.00 	 8.90 	 25.016977
	 -0.04 	 -5.00 	 8.92 	 25.016976
	 -0.14 	 -5.00 	 8.94 	 25.016983
	 -0.24 	 -4.99 	 8.96 	 25.016998
	 -0.34 	 -4.98 	 8.98 	 25.017021
	 -0.44 	 -4.96 	 9.00 	 25.017052
	 -0.53 	 -4.94 	 9.02 	 25.017090
	 -0.63 	 -4.92 	 9.04 	 25.017136
	 -0.73 	 -4.89 	 9.06 	 25.017190
	 -0.83 	 -4.86 	 9.08 	 25.017251
	 -0.93 	 -4.83 	 9.10 	 25.017319
	 -1.02 	 -4.79 	 9.12 	 25.017394
	 -1.12 	 -4.75 	 9.14 	 25.017476
	 -1.21 	 -4.70 	 9.16 	 25.017564
	 -1.31 	 -4.65 	 9.18 	 25.017658
	 -1.40 	 -4.59 	 9.20 	 25.017758
	 -1.49 	 -4.54 	 9.22 	 25.017863
	 -1.58 	 -4.48 	 9.24 	 25.017974
	 -1.67 	 -4.41 	 9.26 	 25.018089
	 -1.76 	 -4.34 	 9.28 	 25.018209
	 -1.84 	 -4.27 	 9.30 	 25.018333
	 -1.93 	 -4.19 	 9.32 	 25.018461
	 -2.01 	 -4.12 	 9.34 	 25.018592
	 -2.09 	 -4.03 	 9.36 	 25.018726
	 -2.17 	 -3.95 	 9.38 	 25.018862
	 -2.25 	 -3.86 	 9.40 	 25.019000
	 -2.33 	 -3.77 	 9.42 	 25.019139
	 -2.40 	 -3.67 	 9.44 	 25.019280
	 -2.47 	 -3.58 	 9.46 	 25.019421
	 -2.54 	 -3.48 	 9.48 	 25.019563
	 -2.61 	 -3.37 	 9.50 	 25.019704
	 -2.68 	 -3.27 	 9.52 	 25.019845
	 -2.74 	 -3.16 	 9.54 	 25.019984
	 -2.80 	 -3.05 	 9.56 	 25.020122
	 -2.86 	 -2.93 	 9.58 	 25.020258
	 -2.92 	 -2.82 	 9.60 	 25.020391
	 -2.98 	 -2.70 	 9.62 	 25.020521
	 -3.03 	 -2.58 	 9.64 	 25.020648
	 -3.08 	 -2.46 	 9.66 	 25.020771
	 -3.13 	 -2.33 	 9.68 	 25.020890
	 -3.17 	 -2.21 	 9.70 	 25.021005
	 -3.22 	 -2.08 	 9.72 	 25.021114
	 -3.26 	 -1.95 	 9.74 	 25.021219
	 -3.29 	 -1.82 	 9.76 	 25.021318
	 -3.33 	 -1.69 	 9.78 	 25.021411
	 -3.36 	 -1.55 	 9.80 	 25.021497
	 -3.39 	 -1.42 	 9.82 	 25.021578
	 -3.42 	 -1.28 	 9.84 	 25.021651
	 -3.44 	 -1.15 	 9.86 	 25.021718
	 -3.46 	 -1.01 	 9.88 	 25.021777
	 -3.48 	 -0.87 	 9.90 	 25.021830
	 -3.50 	 -0.73 	 9.92 	 25.021874
	 -3.51 	 -0.59 	 9.94 	 25.021911
	 -3.52 	 -0.45 	 9.96 	 25.021940
	 -3.53 	 -0.31 	 9.98 	 25.021962
	 -3.54 	 -0.17 	 10.00 	 25.021975
	 -3.54 	 -0.02 	 10.02 	 25.021980
	 -3.54 	 0.12 	 10.04 	 25.021978
	 -3.53 	 0.26 	 10.06 	 25.021967
	 -3.53 	 0.40 	 10.08 	 25.021948
	 -3.52 	 0.54 	 10.10 	 25.021922
	 -3.50 	 0.68 	 10.12 	 25.021887
	 -3.49 	 0.82 	 10.14 	 25.021845
	 -3.47 	 0.96 	 10.16 	 25.021796
	 -3.45 	 1.10 	 10.18 	 25.021739
	 -3.43 	 1.24 	 10.20 	 25.021674
	 -3.40 	 1.37 	 10.22 	 25.021603
	 -3.37 	 1.51 	 10.24 	 25.021525
	 -3.34 	 1.64 	 10.26 	 25.021440
	 -3.31 	 1.78 	 10.28 	 25.021349
	 -3.27 	 1.91 	 10.30 	 25.021252
	 -3.23 	 2.04 	 10.32 	 25.021150
	 -3.19 	 2.17 	 10.34 	 25.021042
	 -3.14 	 2.29 	 10.36 	 25.020929
	 -3.10 	 2.42 	 10.38 	 25.020811
	 -3.05 	 2.54 	 10.40 	 25.020690
	 -2.99 	 2.66 	 10.42 	 25.020564
	 -2.94 	 2.78 	 10.44 	 25.020435
	 -2.88 	 2.90 	 10.46 	 25.020302
	 -2.82 	 3.01 	 10.48 	 25.020167
	 -2.76 	 3.12 	 10.50 	 25.020030
	 -2.70 	 3.23 	 10.52 	 25.019892
	 -2.63 	 3.34 	 10.54 	 25.019751
	 -2.57 	 3.44 	 10.56 	 25.019610
	 -2.50 	 3.54 	 10.58 	 25.019469
	 -2.42 	 3.64 	 10.60 	 25.019327
	 -2.35 	 3.74 	 10.62 	 25.019186
	 -2.28 	 3.83 	 10.64 	 25.019046
	 -2.20 	 3.92 	 10.66 	 25.018908
	 -2.12 	 4.01 	 10.68 	 25.018771
	 -2.04 	 4.09 	 10.70 	 25.018636
	 -1.95 	 4.17 	 10.72 	 25.018504
	 -1.87 	 4.24 	 10.74 	 25.018376
	 -1.78 	 4.32 	 10.76 	 25.018250
	 -1.70 	 4.39 	 10.78 	 25.018129
	 -1.61 	 4.45 	 10.80 	 25.018012
	 -1.52 	 4.52 	 10.82 	 25.017900
	 -1.43 	 4.58 	 10.84 	 25.017792
	 -1.34 	 4.63 	 10.86 	 25.017691
	 -1.24 	 4.68 	 10.88 	 25.017594
	 -1.15 	 4.73 	 10.90 	 25.017504
	 -1.05 	 4.77 	 10.92 	 25.017421
	 -0.96 	 4.81 	 10.94 	 25.017343
	 -0.86 	 4.85 	 10.96 	 25.017273
	 -0.76 	 4.88 	 10.98 	 25.017210
	 -0.67 	 4.91 	 11.00 	 25.017154
	 -0.57 	 4.94 	 11.02 	 25.017105
	 -0.47 	 4.96 	 11.04 	 25.017064
	 -0.37 	 4.97 	 11.06 	 25.017031
	 -0.27 	 4.99 	 11.08 	 25.017005
	 -0.17 	 5.00 	 11.10 	 25.016987
	 -0.07 	 5.00 	 11.12 	 25.016978
	 0.03 	 5.00 	 11.14 	 25.016976
	 0.13 	 5.00 	 11.16 	 25.016983
	 0.23 	 4.99 	 11.18 	 25.016997
	 0.33 	 4.98 	 11.20 	 25.017019
	 0.43 	 4.96 	 11.22 	 25.017050
	 0.53 	 4.95 	 11.24 	 25.017087
	 0.63 	 4.92 	 11.26 	 25.017133
	 0.73 	 4.90 	 11.28 	 25.017186
	 0.82 	 4.86 	 11.30 	 25.017247
	 0.92 	 4.83 	 11.32 	 25.017314
	 1.02 	 4.79 	 11.34 	 25.017389
	 1.11 	 4.75 	 11.36 	 25.017470
	 1.21 	 4.70 	 11.38 	 25.017557
	 1.30 	 4.65 	 11.40 	 25.017651
	 1.39 	 4.60 	 11.42 	 25.017751
	 1.48 	 4.54 	 11.44 	 25.017856
	 1.57 	 4.48 	 11.46 	 25.017966
	 1.66 	 4.41 	 11.48 	 25.018081
	 1.75 	 4.35 	 11.50 	 25.018201
	 1.84 	 4.27 	 11.52 	 25.018325
	 1.92 	 4.20 	 11.54 	 25.018452
	 2.00 	 4.12 	 11.56 	 25.018583
	 2.09 	 4.04 	 11.58 	 25.018716
	 2.17 	 3.95 	 11.60 	 25.018852
	 2.24 	 3.87 	 11.62 	 25.018990
	 2.32 	 3.77 	 11.64 	 25.019130
	 2.40 	 3.68 	 11.66 	 25.019270
	 2.47 	 3.58 	 11.68 	 25.019412
	 2.54 	 3.48 	 11.70 	 25.019553
	 2.61 	 3.38 	 11.72 	 25.019695
	 2.67 	 3.27 	 11.74 	 25.019835
	 2.74 	 3.17 	 11.76 	 25.019975
	 2.80 	 3.06 	 11.78 	 25.020113
	 2.86 	 2.94 	 11.80 	 25.020248
	 2.92 	 2.83 	 11.82 	 25.020382
	 2.97 	 2.71 	 11.84 	 25.020512
	 3.03 	 2.59 	 11.86 	 25.020639
	 3.08 	 2.47 	 11.88 	 25.020763
	 3.13 	 2.34 	 11.90 	 25.020882
	 3.17 	 2.22 	 11.92 	 25.020997
	 3.21 	 2.09 	 11.94 	 25.021107
	 3.25 	 1.96 	 11.96 	 25.021212
	 3.29 	 1.83 	 11.98 	 25.021311
	 3.33 	 1.70 	 12.00 	 25.021404
	 3.36 	 1.56 	 12.02 	 25.021492
	 3.39 	 1.43 	 12.04 	 25.021572
	 3.42 	 1.29 	 12.06 	 25.021646
	 3.44 	 1.15 	 12.08 	 25.021714
	 3.46 	 1.02 	 12.10 	 25.021774
	 3.48 	 0.88 	 12.12 	 25.021826
	 3.50 	 0.74 	 12.14 	 25.021871
	 3.51 	 0.60 	 12.16 	 25.021909
	 3.52 	 0.46 	 12.18 	 25.021938
	 3.53 	 0.32 	 12.20 	 25.021960
	 3.53 	 0.17 	 12.22 	 25.021974
	 3.54 	 0.03 	 12.24 	 25.021980
	 3.54 	 -0.11 	 12.26 	 25.021978
	 3.53 	 -0.25 	 12.28 	 25.021968
	 3.53 	 -0.39 	 12.30 	 25.021950
	 3.52 	 -0.53 	 12.32 	 25.021924
	 3.51 	 -0.67 	 12.34 	 25.021890
	 3.49 	 -0.81 	 12.36 	 25.021848
	 3.47 	 -0.95 	 12.38 	 25.021799
	 3.45 	 -1.09 	 12.40 	 25.021743
	 3.43 	 -1.23 	 12.42 	 25.021679
	 3.40 	 -1.36 	 12.44 	 25.021608
	 3.37 	 -1.50 	 12.46 	 25.021531
	 3.34 	 -1.63 	 12.48 	 25.021446
	 3.31 	 -1.77 	 12.50 	 25.021356
	 3.27 	 -1.90 	 12.52 	 25.021259
	 3.23 	 -2.03 	 12.54 	 25.021157
	 3.19 	 -2.16 	 12.56 	 25.021049
	 3.15 	 -2.28 	 12.58 	 25.020937
	 3.10 	 -2.41 	 12.60 	 25.020820
	 3.05 	 -2.53 	 12.62 	 25.020698
	 3.00 	 -2.65 	 12.64 	 25.020573
	 2.94 	 -2.77 	 12.66 	 25.020444
	 2.89 	 -2.89 	 12.68 	 25.020312
	 2.83 	 -3.00 	 12.70 	 25.020177
	 2.77 	 -3.11 	 12.72 	 25.020040
	 2.70 	 -3.22 	 12.74 	 25.019901
	 2.64 	 -3.33 	 12.76 	 25.019761
	 2.57 	 -3.44 	 12.78 	 25.019620
	 2.50 	 -3.54 	 12.80 	 25.019478
	 2.43 	 -3.64 	 12.82 	 25.019337
	 2.36 	 -3.73 	 12.84 	 25.019196
	 2.28 	 -3.82 	 12.86 	 25.019056
	 2.20 	 -3.91 	 12.88 	 25.018917
	 2.12 	 -4.00 	 12.90 	 25.018780
	 2.04 	 -4.08 	 12.92 	 25.018645
	 1.96 	 -4.16 	 12.94 	 25.018513
	 1.88 	 -4.24 	 12.96 	 25.018384
	 1.79 	 -4.31 	 12.98 	 25.018259
	 1.70 	 -4.38 	 13.00 	 25.018137
	 1.62 	 -4.45 	 13.02 	 25.018020
	 1.53 	 -4.51 	 13.04 	 25.017907
	 1.44 	 -4.57 	 13.06 	 25.017800
	 1.34 	 -4.63 	 13.08 	 25.017697
	 1.25 	 -4.68 	 13.10 	 25.017601
	 1.16 	 -4.73 	 13.12 	 25.017510
	 1.06 	 -4.77 	 13.14 	 25.017426
	 0.97 	 -4.81 	 13.16 	 25.017348
	 0.87 	 -4.85 	 13.18 	 25.017278
	 0.77 	 -4.88 	 13.20 	 25.017214
	 0.67 	 -4.91 	 13.22 	 25.017157
	 0.57 	 -4.94 	 13.24 	 25.017108
	 0.48 	 -4.96 	 13.26 	 25.017066
	 0.38 	 -4.97 	 13.28 	 25.017033
	 0.28 	 -4.99 	 13.30 	 25.017007
	 0.18 	 -5.00 	 13.32 	 25.016988
	 0.08 	 -5.00 	 13.34 	 25.016978
	 -0.02 	 -5.00 	 13.36 	 25.016976
	 -0.12 	 -5.00 	 13.38 	 25.016982
	 -0.22 	 -4.99 	 13.40 	 25.016996
	 -0.32 	 -4.98 	 13.42 	 25.017018
	 -0.42 	 -4.97 	 13.44 	 25.017047
	 -0.52 	 -4.95 	 13.46 	 25.017085
	 -0.62 	 -4.92 	 13.48 	 25.017130
	 -0.72 	 -4.90 	 13.50 	 25.017182
	 -0.82 	 -4.87 	 13.52 	 25.017242
	 -0.91 	 -4.83 	 13.54 	 25.017309
	 -1.01 	 -4.79 	 13.56 	 25.017383
	 -1.10 	 -4.75 	 13.58 	 25.017464
	 -1.20 	 -4.71 	 13.60 	 25.017551
	 -1.29 	 -4.66 	 13.62 	 25.017645
	 -1.39 	 -4.60 	 13.64 	 25.017744
	 -1.48 	 -4.54 	 13.66 	 25.017849
	 -1.57 	 -4.48 	 13.68 	 25.017959
	 -1.66 	 -4.42 	 13.70 	 25.018073
	 -1.74 	 -4.35 	 13.72 	 25.018193
	 -1.83 	 -4.28 	 13.74 	 25.018316
	 -1.92 	 -4.20 	 13.76 	 25.018443
	 -2.00 	 -4.13 	 13.78 	 25.018574
	 -2.08 	 -4.05 	 13.80 	 25.018707
	 -2.16 	 -3.96 	 13.82 	 25.018843
	 -2.24 	 -3.87 	 13.84 	 25.018981
	 -2.32 	 -3.78 	 13.86 	 25.019120
	 -2.39 	 -3.69 	 13.88 	 25.019261
	 -2.46 	 -3.59 	 13.90 	 25.019402
	 -2.53 	 -3.49 	 13.92 	 25.019544
	 -2.60 	 -3.39 	 13.94 	 25.019685
	 -2.67 	 -3.28 	 13.96 	 25.019826
	 -2.73 	 -3.17 	 13.98 	 25.019965
	 -2.80 	 -3.06 	 14.00 	 25.020103
	 -2.86 	 -2.95 	 14.02 	 25.020239
	 -2.91 	 -2.83 	 14.04 	 25.020373
	 -2.97 	 -2.72 	 14.06 	 25.020503
	 -3.02 	 -2.60 	 14.08 	 25.020631
	 -3.07 	 -2.48 	 14.10 	 25.020755
	 -3.12 	 -2.35 	 14.12 	 25.020874
	 -3.17 	 -2.23 	 14.14 	 25.020989
	 -3.21 	 -2.10 	 14.16 	 25.021100
	 -3.25 	 -1.97 	 14.18 	 25.021205
	 -3.29 	 -1.84 	 14.20 	 25.021304
	 -3.33 	 -1.71 	 14.22 	 25.021398
	 -3.36 	 -1.57 	 14.24 	 25.021486
	 -3.39 	 -1.44 	 14.26 	 25.021567
	 -3.42 	 -1.30 	 14.28 	 25.021642
	 -3.44 	 -1.16 	 14.30 	 25.021709
	 -3.46 	 -1.03 	 14.32 	 25.021770
	 -3.48 	 -0.89 	 14.34 	 25.021823
	 -3.50 	 -0.75 	 14.36 	 25.021868
	 -3.51 	 -0.61 	 14.38 	 25.021906
	 -3.52 	 -0.47 	 14.40 	 25.021937
	 -3.53 	 -0.33 	 14.42 	 25.021959
	 -3.53 	 -0.18 	 14.44 	 25.021973
	 -3.54 	 -0.04 	 14.46 	 25.021980
	 -3.54 	 0.10 	 14.48 	 25.021978
	 -3.53 	 0.24 	 14.50 	 25.021969
	 -3.53 	 0.38 	 14.52 	 25.021951
	 -3.52 	 0.52 	 14.54 	 25.021926
	 -3.51 	 0.66 	 14.56 	 25.021893
	 -3.49 	 0.80 	 14.58 	 25.021851
	 -3.47 	 0.94 	 14.60 	 25.021803
	 -3.45 	 1.08 	 14.62 	 25.021747
	 -3.43 	 1.22 	 14.64 	 25.021684
	 -3.40 	 1.35 	 14.66 	 25.021613
	 -3.38 	 1.49 	 14.68 	 25.021536
	 -3.35 	 1.62 	 14.70 	 25.021452
	 -3.31 	 1.76 	 14.72 	 25.021362
	 -3.27 	 1.89 	 14.74 	 25.021266
	 -3.24 	 2.02 	 14.76 	 25.021164
	 -3.19 	 2.15 	 14.78 	 25.021057
	 -3.15 	 2.28 	 14.80 	 25.020945
	 -3.10 	 2.40 	 14.82 	 25.020828
	 -3.05 	 2.52 	 14.84 	 25.020706
	 -3.00 	 2.64 	 14.86 	 25.020581
	 -2.95 	 2.76 	 14.88 	 25.020453
	 -2.89 	 2.88 	 14.90 	 25.020321
	 -2.83 	 2.99 	 14.92 	 25.020186
	 -2.77 	 3.11 	 14.94 	 25.020049
	 -2.71 	 3.22 	 14.96 	 25.019911
	 -2.64 	 3.32 	 14.98 	 25.019771
	 -2.58 	 3.43 	 15.00 	 25.019630
	 -2.51 	 3.53 	 15.02 	 25.019488
	 -2.43 	 3.63 	 15.04 	 25.019347
	 -2.36 	 3.72 	 15.06 	 25.019206
	 -2.29 	 3.82 	 15.08 	 25.019065
	 -2.21 	 3.91 	 15.10 	 25.018927
	 -2.13 	 3.99 	 15.12 	 25.018789
	 -2.05 	 4.08 	 15.14 	 25.018654
	 -1.97 	 4.16 	 15.16 	 25.018522
	 -1.88 	 4.23 	 15.18 	 25.018393
	 -1.80 	 4.31 	 15.20 	 25.018267
	 -1.71 	 4.38 	 15.22 	 25.018145
	 -1.62 	 4.45 	 15.24 	 25.018028
	 -1.53 	 4.51 	 15.26 	 25.017915
	 -1.44 	 4.57 	 15.28 	 25.017807
	 -1.35 	 4.62 	 15.30 	 25.017704
	 -1.26 	 4.68 	 15.32 	 25.017607
	 -1.16 	 4.72 	 15.34 	 25.017516
	 -1.07 	 4.77 	 15.36 	 25.017432
	 -0.97 	 4.81 	 15.38 	 25.017354
	 -0.88 	 4.85 	 15.40 	 25.017282
	 -0.78 	 4.88 	 15.42 	 25.017218
	 -0.68 	 4.91 	 15.44 	 25.017161
	 -0.58 	 4.93 	 15.46 	 25.017111
	 -0.48 	 4.95 	 15.48 	 25.017069
	 -0.38 	 4.97 	 15.50 	 25.017035
	 -0.28 	 4.99 	 15.52 	 25.017008
	 -0.18 	 4.99 	 15.54 	 25.016989
	 -0.08 	 5.00 	 15.56 	 25.016979
	 0.02 	 5.00 	 15.58 	 25.016976
	 0.12 	 5.00 	 15.60 	 25.016981
	 0.22 	 4.99 	 15.62 	 25.016995
	 0.32 	 4.98 	 15.64 	 25.017016
	 0.42 	 4.97 	 15.66 	 25.017045
	 0.51 	 4.95 	 15.68 	 25.017082
	 0.61 	 4.93 	 15.70 	 25.017126
	 0.71 	 4.90 	 15.72 	 25.017178
	 0.81 	 4.87 	 15.74 	 25.017238
	 0.91 	 4.83 	 15.76 	 25.017305
	 1.00 	 4.80 	 15.78 	 25.017378
	 1.10 	 4.75 	 15.80 	 25.017458
	 1.19 	 4.71 	 15.82 	 25.017545
	 1.29 	 4.66 	 15.84 	 25.017638
	 1.38 	 4.61 	 15.86 	 25.017737
	 1.47 	 4.55 	 15.88 	 25.017841
	 1.56 	 4.49 	 15.90 	 25.017951
	 1.65 	 4.42 	 15.92 	 25.018065
	 1.74 	 4.36 	 15.94 	 25.018184
	 1.82 	 4.28 	 15.96 	 25.018308
	 1.91 	 4.21 	 15.98 	 25.018434
	 1.99 	 4.13 	 16.00 	 25.018565
	 2.07 	 4.05 	 16.02 	 25.018698
	 2.16 	 3.97 	 16.04 	 25.018834
	 2.23 	 3.88 	 16.06 	 25.018971
	 2.31 	 3.79 	 16.08 	 25.019111
	 2.39 	 3.69 	 16.10 	 25.019251
	 2.46 	 3.60 	 16.12 	 25.019392
	 2.53 	 3.50 	 16.14 	 25.019534
	 2.60 	 3.39 	 16.16 	 25.019675
	 2.66 	 3.29 	 16.18 	 25.019816
	 2.73 	 3.18 	 16.20 	 25.019956
	 2.79 	 3.07 	 16.22 	 25.020094
	 2.85 	 2.96 	 16.24 	 25.020230
	 2.91 	 2.84 	 16.26 	 25.020364
	 2.97 	 2.73 	 16.28 	 25.020495
	 3.02 	 2.61 	 16.30 	 25.020622
	 3.07 	 2.48 	 16.32 	 25.020746
	 3.12 	 2.36 	 16.34 	 25.020866
	 3.16 	 2.23 	 16.36 	 25.020982
	 3.21 	 2.11 	 16.38 	 25.021092
	 3.25 	 1.98 	 16.40 	 25.021198
	 3.29 	 1.85 	 16.42 	 25.021298
	 3.32 	 1.71 	 16.44 	 25.021392
	 3.36 	 1.58 	 16.46 	 25.021480
	 3.39 	 1.45 	 16.48 	 25.021562
	 3.41 	 1.31 	 16.50 	 25.021637
	 3.44 	 1.17 	 16.52 	 25.021705
	 3.46 	 1.04 	 16.54 	 25.021766
	 3.48 	 0.90 	 16.56 	 25.021819
	 3.50 	 0.76 	 16.58 	 25.021866
	 3.51 	 0.62 	 16.60 	 25.021904
	 3.52 	 0.48 	 16.62 	 25.021935
	 3.53 	 0.34 	 16.64 	 25.021958
	 3.53 	 0.19 	 16.66 	 25.021973
	 3.54 	 0.05 	 16.68 	 25.021980
	 3.54 	 -0.09 	 16.70 	 25.021979
	 3.53 	 -0.23 	 16.72 	 25.021970
	 3.53 	 -0.37 	 16.74 	 25.021953
	 3.52 	 -0.51 	 16.76 	 25.021928
	 3.51 	 -0.65 	 16.78 	 25.021895
	 3.49 	 -0.79 	 16.80 	 25.021855
	 3.48 	 -0.93 	 16.82 	 25.021806
	 3.46 	 -1.07 	 16.84 	 25.021751
	 3.43 	 -1.21 	 16.86 	 25.021688
	 3.41 	 -1.35 	 16.88 	 25.021618
	 3.38 	 -1.48 	 16.90 	 25.021542
	 3.35 	 -1.62 	 16.92 	 25.021458
	 3.31 	 -1.75 	 16.94 	 25.021369
	 3.28 	 -1.88 	 16.96 	 25.021273
	 3.24 	 -2.01 	 16.98 	 25.021171
	 3.20 	 -2.14 	 17.00 	 25.021065
	 3.15 	 -2.27 	 17.02 	 25.020953
	 3.11 	 -2.39 	 17.04 	 25.020836
	 3.06 	 -2.52 	 17.06 	 25.020715
	 3.01 	 -2.64 	 17.08 	 25.020590
	 2.95 	 -2.76 	 17.10 	 25.020461
	 2.90 	 -2.87 	 17.12 	 25.020330
	 2.84 	 -2.99 	 17.14 	 25.020195
	 2.78 	 -3.10 	 17.16 	 25.020059
	 2.71 	 -3.21 	 17.18 	 25.019920
	 2.65 	 -3.32 	 17.20 	 25.019780
	 2.58 	 -3.42 	 17.22 	 25.019639
	 2.51 	 -3.52 	 17.24 	 25.019498
	 2.44 	 -3.62 	 17.26 	 25.019356
	 2.37 	 -3.72 	 17.28 	 25.019215
	 2.29 	 -3.81 	 17.30 	 25.019075
	 2.21 	 -3.90 	 17.32 	 25.018936
	 2.13 	 -3.99 	 17.34 	 25.018799
	 2.05 	 -4.07 	 17.36 	 25.018664
	 1.97 	 -4.15 	 17.38 	 25.018531
	 1.89 	 -4.23 	 17.40 	 25.018402
	 1.80 	 -4.30 	 17.42 	 25.018276
	 1.72 	 -4.37 	 17.44 	 25.018154
	 1.63 	 -4.44 	 17.46 	 25.018036
	 1.54 	 -4.50 	 17.48 	 25.017922
	 1.45 	 -4.56 	 17.50 	 25.017814
	 1.36 	 -4.62 	 17.52 	 25.017711
	 1.26 	 -4.67 	 17.54 	 25.017614
	 1.17 	 -4.72 	 17.56 	 25.017522
	 1.07 	 -4.77 	 17.58 	 25.017437
	 0.98 	 -4.81 	 17.60 	 25.017359
	 0.88 	 -4.84 	 17.62 	 25.017287
	 0.78 	 -4.88 	 17.64 	 25.017222
	 0.69 	 -4.91 	 17.66 	 25.017164
	 0.59 	 -4.93 	 17.68 	 25.017114
	 0.49 	 -4.95 	 17.70 	 25.017072
	 0.39 	 -4.97 	 17.72 	 25.017037
	 0.29 	 -4.98 	 17.74 	 25.017010
	 0.19 	 -4.99 	 17.76 	 25.016990
	 0.09 	 -5.00 	 17.78 	 25.016979
	 -0.01 	 -5.00 	 17.80 	 25.016976
	 -0.11 	 -5.00 	 17.82 	 25.016981
	 -0.21 	 -4.99 	 17.84 	 25.016993
	 -0.31 	 -4.98 	 17.86 	 25.017014
	 -0.41 	 -4.97 	 17.88 	 25.017043
	 -0.51 	 -4.95 	 17.90 	 25.017079
	 -0.61 	 -4.93 	 17.92 	 25.017123
	 -0.70 	 -4.90 	 17.94 	 25.017175
	 -0.80 	 -4.87 	 17.96 	 25.017234
	 -0.90 	 -4.84 	 17.98 	 25.017300
	 -1.00 	 -4.80 	 18.00 	 25.017373
	 -1.09 	 -4.76 	 18.02 	 25.017453
	 -1.19 	 -4.71 	 18.04 	 25.017539
	 -1.28 	 -4.66 	 18.06 	 25.017631
	 -1.37 	 -4.61 	 18.08 	 25.017730
	 -1.46 	 -4.55 	 18.10 	 25.017834
	 -1.56 	 -4.49 	 18.12 	 25.017943
	 -1.64 	 -4.43 	 18.14 	 25.018057
	 -1.73 	 -4.36 	 18.16 	 25.018176
	 -1.82 	 -4.29 	 18.18 	 25.018299
	 -1.90 	 -4.22 	 18.20 	 25.018426
	 -1.99 	 -4.14 	 18.22 	 25.018556
	 -2.07 	 -4.06 	 18.24 	 25.018689
	 -2.15 	 -3.97 	 18.26 	 25.018824
	 -2.23 	 -3.88 	 18.28 	 25.018962
	 -2.30 	 -3.79 	 18.30 	 25.019101
	 -2.38 	 -3.70 	 18.32 	 25.019242
	 -2.45 	 -3.60 	 18.34 	 25.019383
	 -2.52 	 -3.50 	 18.36 	 25.019524
	 -2.59 	 -3.40 	 18.38 	 25.019666
	 -2.66 	 -3.30 	 18.40 	 25.019806
	 -2.73 	 -3.19 	 18.42 	 25.019946
	 -2.79 	 -3.08 	 18.44 	 25.020084
	 -2.85 	 -2.97 	 18.46 	 25.020221
	 -2.91 	 -2.85 	 18.48 	 25.020355
	 -2.96 	 -2.73 	 18.50 	 25.020486
	 -3.02 	 -2.61 	 18.52 	 25.020614
	 -3.07 	 -2.49 	 18.54 	 25.020738
	 -3.12 	 -2.37 	 18.56 	 25.020858
	 -3.16 	 -2.24 	 18.58 	 25.020974
	 -3.21 	 -2.12 	 18.60 	 25.021085
	 -3.25 	 -1.99 	 18.62 	 25.021191
	 -3.28 	 -1.86 	 18.64 	 25.021291
	 -3.32 	 -1.72 	 18.66 	 25.021386
	 -3.35 	 -1.59 	 18.68 	 25.021474
	 -3.38 	 -1.46 	 18.70 	 25.021556
	 -3.41 	 -1.32 	 18.72 	 25.021632
	 -3.44 	 -1.18 	 18.74 	 25.021700
	 -3.46 	 -1.04 	 18.76 	 25.021762
	 -3.48 	 -0.91 	 18.78 	 25.021816
	 -3.50 	 -0.77 	 18.80 	 25.021863
	 -3.51 	 -0.63 	 18.82 	 25.021902
	 -3.52 	 -0.49 	 18.84 	 25.021933
	 -3.53 	 -0.35 	 18.86 	 25.021956
	 -3.53 	 -0.20 	 18.88 	 25.021972
	 -3.54 	 -0.06 	 18.90 	 25.021980
	 -3.54 	 0.08 	 18.92 	 25.021979
	 -3.53 	 0.22 	 18.94 	 25.021971
	 -3.53 	 0.36 	 18.96 	 25.021954
	 -3.52 	 0.50 	 18.98 	 25.021930
	 -3.51 	 0.64 	 19.00 	 25.021898
	 -3.49 	 0.78 	 19.02 	 25.021858
	 -3.48 	 0.92 	 19.04 	 25.021810
	 -3.46 	 1.06 	 19.06 	 25.021755
	 -3.43 	 1.20 	 19.08 	 25.021693
	 -3.41 	 1.34 	 19.10 	 25.021623
	 -3.38 	 1.47 	 19.12 	 25.021547
	 -3.35 	 1.61 	 19.14 	 25.021464
	 -3.32 	 1.74 	 19.16 	 25.021375
	 -3.28 	 1.87 	 19.18 	 25.021280
	 -3.24 	 2.00 	 19.20 	 25.021178
	 -3.20 	 2.13 	 19.22 	 25.021072
	 -3.16 	 2.26 	 19.24 	 25.020960
	 -3.11 	 2.38 	 19.26 	 25.020844
	 -3.06 	 2.51 	 19.28 	 25.020723
	 -3.01 	 2.63 	 19.30 	 25.020599
	 -2.96 	 2.75 	 19.32 	 25.020470
	 -2.90 	 2.86 	 19.34 	 25.020339
	 -2.84 	 2.98 	 19.36 	 25.020205
	 -2.78 	 3.09 	 19.38 	 25.020068
	 -2.72 	 3.20 	 19.40 	 25.019930
	 -2.65 	 3.31 	 19.42 	 25.019790
	 -2.59 	 3.41 	 19.44 	 25.019649
	 -2.52 	 3.52 	 19.46 	 25.019507
	 -2.44 	 3.62 	 19.48 	 25.019366
	 -2.37 	 3.71 	 19.50 	 25.019225
	 -2.30 	 3.80 	 19.52 	 25.019084
	 -2.22 	 3.90 	 19.54 	 25.018945
	 -2.14 	 3.98 	 19.56 	 25.018808
	 -2.06 	 4.07 	 19.58 	 25.018673
	 -1.98 	 4.15 	 19.60 	 25.018540
	 -1.89 	 4.22 	 19.62 	 25.018410
	 -1.81 	 4.30 	 19.64 	 25.018284
	 -1.72 	 4.37 	 19.66 	 25.018162
	 -1.63 	 4.44 	 19.68 	 25.018044
	 -1.54 	 4.50 	 19.70 	 25.017930
	 -1.45 	 4.56 	 19.72 	 25.017821
	 -1.36 	 4.62 	 19.74 	 25.017718
	 -1.27 	 4.67 	 19.76 	 25.017620
	 -1.18 	 4.72 	 19.78 	 25.017528
	 -1.08 	 4.76 	 19.80 	 25.017443
	 -0.98 	 4.80 	 19.82 	 25.017364
	 -0.89 	 4.84 	 19.84 	 25.017292
	 -0.79 	 4.87 	 19.86 	 25.017226
	 -0.69 	 4.90 	 19.88 	 25.017168
	 -0.59 	 4.93 	 19.90 	 25.017117
	 -0.50 	 4.95 	 19.92 	 25.017074
	 -0.40 	 4.97 	 19.94 	 25.017039
	 -0.30 	 4.98 	 19.96 	 25.017011
	 -0.20 	 4.99 	 19.98 	 25.016991
	 -0.10 	 5.00 	 20.00 	 25.016980
